584
-1.138,30.100,-2.975
-0.498,0.127,0.861
0.000,0.000,0.000
29.803,8.379,8.580
-----
726
3.168,2.861,2.345
-0.473,0.101,0.840
0.032,-0.204,-0.458
29.199,6.833,107.530
-----
845
4.550,1.426,1.890
-0.474,0.061,0.857
0.031,-0.190,-0.460
28.902,4.039,107.728
-----
963
2.293,0.394,2.109
-0.464,0.061,0.863
0.030,-0.193,-0.457
28.220,4.017,107.345
-----
1079
2.861,1.986,4.375
-0.453,0.073,0.855
0.028,-0.193,-0.459
27.842,4.883,106.693
-----
1199
1.864,3.159,4.804
-0.464,0.101,0.887
0.030,-0.193,-0.456
27.489,6.484,107.298
-----
1320
0.814,5.425,4.148
-0.460,0.097,0.853
0.025,-0.192,-0.454
28.171,6.500,106.070
-----
1439
-1.269,1.435,4.095
-0.455,0.089,0.838
0.032,-0.188,-0.448
28.353,6.054,108.291
-----
1556
-0.822,-3.465,-3.622
-0.500,0.137,0.843
0.027,-0.196,-0.450
30.347,9.247,106.406
-----
1675
6.746,-0.840,3.544
-0.494,0.124,0.871
0.026,-0.191,-0.451
29.341,8.092,106.457
-----
1794
8.584,4.489,2.739
-0.464,0.042,0.894
0.027,-0.188,-0.454
27.401,2.663,106.902
-----
1916
0.166,12.057,27.886
-0.372,-0.044,0.942
0.024,-0.181,-0.460
21.557,-2.700,106.169
-----
2036
-5.714,0.070,27.291
-0.447,0.014,0.963
0.016,-0.174,-0.456
24.889,0.805,103.870
-----
2156
-2.223,15.278,16.301
-0.394,-0.056,0.886
0.009,-0.170,-0.461
23.913,-3.594,101.553
-----
2275
-15.444,22.461,31.657
-0.319,0.011,0.966
0.014,-0.166,-0.460
18.294,0.648,103.443
-----
2394
-1.102,24.526,21.192
-0.241,0.018,0.935
0.015,-0.175,-0.464
14.464,1.114,103.613
-----
2516
4.113,15.855,11.637
-0.220,-0.073,0.986
0.031,-0.173,-0.462
12.525,-4.213,108.652
-----
2635
-5.162,17.876,19.609
-0.196,-0.009,0.932
0.038,-0.175,-0.464
11.905,-0.544,110.885
-----
2755
-3.868,13.361,22.715
-0.170,-0.001,1.010
0.041,-0.175,-0.471
9.541,-0.076,111.642
-----
2874
1.190,4.874,19.766
-0.300,-0.053,0.956
0.040,-0.175,-0.461
17.417,-3.194,111.317
-----
2993
-6.405,2.266,32.366
-0.358,-0.085,0.896
0.036,-0.172,-0.466
21.655,-5.415,110.553
-----
3109
-6.282,15.680,29.907
-0.265,-0.013,0.883
0.034,-0.169,-0.463
16.729,-0.871,109.808
-----
3232
-3.938,7.700,32.121
-0.273,-0.084,1.059
0.030,-0.168,-0.467
14.420,-4.519,108.708
-----
3352
-14.875,0.359,40.040
-0.102,0.018,0.918
0.030,-0.164,-0.465
6.343,1.119,108.975
-----
3467
-5.574,-18.384,35.752
-0.345,-0.023,0.830
0.006,-0.154,-0.457
22.532,-1.561,100.720
-----
3586
5.521,0.376,47.722
-0.187,-0.056,1.014
-0.014,-0.149,-0.452
10.413,-3.138,93.308
-----
3705
15.584,1.697,32.506
0.014,0.008,1.034
-0.031,-0.120,-0.459
-0.750,0.439,84.166
-----
3827
10.001,6.650,17.763
-0.236,-0.069,0.905
-0.049,-0.103,-0.456
14.562,-4.357,73.398
-----
3947
5.075,3.588,10.631
-0.123,-0.094,1.208
-0.039,-0.090,-0.462
5.810,-4.436,75.306
-----
4063
9.004,24.806,-4.804
-0.162,-0.069,0.927
-0.033,-0.093,-0.462
9.879,-4.251,78.812
-----
4179
10.036,4.445,-18.427
-0.175,-0.067,0.894
-0.020,-0.092,-0.461
11.079,-4.305,86.384
-----
4298
3.771,-2.555,-18.384
-0.178,-0.143,1.096
-0.018,-0.094,-0.470
9.161,-7.440,87.780
-----
4421
4.077,4.410,-29.899
-0.165,-0.130,0.938
-0.014,-0.106,-0.472
9.874,-7.884,91.139
-----
4537
8.304,5.582,-13.379
-0.070,-0.268,0.960
-0.001,-0.115,-0.481
4.039,-15.591,98.020
-----
4656
-2.678,12.040,-7.096
-0.103,-0.152,0.985
0.011,-0.119,-0.477
5.892,-8.777,104.011
-----
4775
-6.755,-0.726,5.819
-0.290,-0.160,0.895
0.015,-0.125,-0.481
17.702,-10.162,105.524
-----
4894
-4.830,-5.338,8.453
-0.143,-0.166,0.915
0.027,-0.134,-0.478
8.773,-10.273,109.936
-----
5017
-1.435,-2.896,7.586
-0.343,-0.060,0.932
0.014,-0.149,-0.473
20.172,-3.688,103.881
-----
5134
-7.166,-5.766,12.092
0.006,-0.087,1.061
0.016,-0.145,-0.471
-0.328,-4.698,104.859
-----
5254
3.237,-2.240,4.734
-0.186,-0.009,0.985
0.010,-0.153,-0.473
10.701,-0.543,102.297
-----
5372
6.090,19.968,7.420
0.010,0.030,1.048
0.016,-0.146,-0.473
-0.543,1.651,104.697
-----
5489
5.399,17.054,4.961
-0.345,0.090,1.065
0.009,-0.142,-0.477
17.868,4.824,102.079
-----
5611
7.376,-4.769,-6.615
-0.364,0.024,0.853
0.021,-0.142,-0.478
23.122,1.603,106.995
-----
5731
6.773,5.486,-8.794
0.091,-0.179,0.952
0.032,-0.131,-0.490
-5.380,-10.635,112.228
-----
5850
14.814,2.608,-19.399
-0.140,-0.147,0.934
0.026,-0.137,-0.488
8.452,-8.950,109.496
-----
5968
4.086,-14.403,6.860
-0.176,-0.160,0.968
0.031,-0.134,-0.484
10.193,-9.357,111.583
-----
6088
-0.219,3.509,10.614
-0.205,-0.113,0.970
0.027,-0.139,-0.486
11.837,-6.635,109.513
-----
6204
-8.365,6.641,16.712
-0.158,-0.035,1.203
0.024,-0.144,-0.486
7.496,-1.647,107.861
-----
6323
0.315,-16.459,9.109
-0.412,-0.079,0.594
0.015,-0.142,-0.482
34.547,-7.567,104.486
-----
6443
7.438,-0.700,5.819
-0.011,0.069,1.022
0.026,-0.151,-0.474
0.590,3.852,108.215
-----
6561
10.981,-35.236,-4.629
-0.287,0.015,0.691
0.023,-0.139,-0.475
22.542,1.218,107.958
-----
6680
11.007,11.086,-5.722
-0.214,-0.079,0.935
0.018,-0.133,-0.482
12.870,-4.815,106.515
-----
6796
5.696,11.095,-1.706
0.140,-0.112,1.264
0.028,-0.137,-0.487
-6.295,-5.084,110.238
-----
6916
5.338,-11.743,10.981
-0.428,-0.109,0.616
0.020,-0.134,-0.484
34.373,-10.013,106.903
-----
7034
3.876,7.866,3.815
0.012,0.043,1.214
0.030,-0.129,-0.482
-0.558,2.023,111.516
-----
7154
-2.774,-7.866,3.990
-0.301,-0.042,0.873
0.019,-0.129,-0.478
18.995,-2.756,106.840
-----
7271
3.395,7.963,-0.936
-0.084,-0.061,0.885
0.028,-0.131,-0.478
5.442,-3.964,110.654
-----
7387
1.496,1.111,0.306
-0.098,-0.019,1.075
0.033,-0.133,-0.481
5.187,-1.027,112.659
-----
7508
-1.986,10.019,6.825
-0.073,-0.008,1.068
0.033,-0.135,-0.480
3.901,-0.438,112.197
-----
7628
1.111,11.795,-0.306
-0.263,0.007,0.938
0.031,-0.135,-0.487
15.690,0.414,111.492
-----
7747
-1.181,6.029,-0.718
-0.015,-0.027,1.140
0.040,-0.137,-0.488
0.741,-1.351,114.811
-----
7863
-1.330,-0.831,11.226
-0.365,-0.015,0.793
0.029,-0.132,-0.484
24.720,-1.070,110.986
-----
7983
8.024,5.364,6.195
-0.129,-0.112,1.088
0.029,-0.133,-0.484
6.738,-5.889,110.662
-----
8105
-0.647,-5.714,0.236
-0.199,-0.011,0.755
0.031,-0.138,-0.481
14.778,-0.866,111.256
-----
8224
5.285,-1.269,-1.435
-0.228,-0.098,1.137
0.028,-0.138,-0.481
11.295,-4.923,110.192
-----
8344
2.214,6.878,10.063
-0.331,-0.084,1.002
0.019,-0.136,-0.477
18.229,-4.762,106.487
-----
8463
-2.126,6.361,4.200
-0.042,-0.001,1.027
0.025,-0.134,-0.480
2.319,-0.082,109.174
-----
8582
2.188,-2.599,6.195
-0.604,-0.004,0.891
0.014,-0.132,-0.479
34.123,-0.271,104.633
-----
8698
2.888,3.019,-2.896
-0.474,-0.001,1.045
0.012,-0.130,-0.484
24.405,-0.064,103.886
-----
8820
-0.621,-2.826,-5.285
-0.518,0.024,0.874
0.021,-0.134,-0.482
30.630,1.556,107.286
-----
8940
2.590,1.278,3.211
-0.612,-0.039,0.999
0.020,-0.134,-0.484
31.462,-2.238,106.970
-----
9056
1.076,1.479,5.801
-0.738,-0.034,0.786
0.013,-0.136,-0.484
43.147,-2.448,104.185
-----
9175
1.269,10.150,2.651
-0.464,0.066,0.964
0.024,-0.131,-0.485
25.649,3.890,109.089
-----
9294
1.531,12.154,-10.036
-0.560,0.020,0.866
0.023,-0.137,-0.482
32.894,1.296,108.184
-----
9416
-1.444,7.455,-31.780
-0.264,-0.090,0.973
0.048,-0.138,-0.486
15.101,-5.298,117.847
-----
9536
-4.769,6.134,-1.313
-0.364,0.012,0.940
0.055,-0.150,-0.485
21.168,0.754,118.820
-----
9652
0.087,1.278,-2.835
-0.307,-0.003,0.975
0.060,-0.161,-0.484
17.477,-0.147,119.169
-----
9772
0.814,-12.722,22.986
-0.357,0.030,0.933
0.054,-0.157,-0.483
20.931,1.854,117.518
-----
9890
-4.891,-1.225,16.677
-0.392,0.054,0.953
0.035,-0.150,-0.482
22.343,3.240,111.668
-----
10013
10.517,-5.521,9.958
-0.287,-0.032,0.951
0.034,-0.146,-0.485
16.786,-1.899,111.836
-----
10128
4.970,1.908,6.142
-0.285,-0.009,0.945
0.025,-0.138,-0.493
16.764,-0.562,108.915
-----
10244
1.111,-2.362,1.164
-0.376,-0.038,0.941
0.022,-0.131,-0.490
21.774,-2.297,108.013
-----
10363
9.004,-2.739,-2.957
0.028,-0.055,1.062
0.030,-0.131,-0.488
-1.535,-2.947,111.615
-----
10482
4.296,-2.739,-5.259
-0.254,-0.112,0.911
0.024,-0.133,-0.493
15.479,-6.991,108.853
-----
10605
-0.446,3.911,-4.060
-0.141,-0.079,1.026
0.029,-0.131,-0.479
7.823,-4.418,110.979
-----
10722
-8.059,5.556,2.249
-0.021,-0.066,1.014
0.026,-0.135,-0.487
1.210,-3.731,109.422
-----
10841
-1.234,-2.284,3.798
-0.092,-0.105,0.921
0.026,-0.140,-0.485
5.696,-6.483,109.041
-----
10960
1.636,-2.371,16.205
0.078,-0.041,1.062
0.020,-0.145,-0.484
-4.212,-2.198,106.261
-----
11080
3.649,-2.599,11.629
-0.083,-0.080,0.971
0.011,-0.137,-0.485
4.855,-4.721,103.189
-----
11203
-2.118,-8.767,13.930
-0.213,-0.096,1.045
0.003,-0.140,-0.472
11.492,-5.259,99.952
-----
11319
-9.293,1.146,21.997
-0.090,0.075,0.998
-0.006,-0.140,-0.472
5.122,4.273,95.951
-----
11439
-3.491,3.938,7.201
-0.313,-0.070,0.816
-0.017,-0.133,-0.470
20.912,-4.889,91.226
-----
11557
-3.378,12.714,8.724
-0.116,-0.029,1.191
-0.012,-0.136,-0.471
5.563,-1.400,93.348
-----
11676
-5.898,-29.811,12.285
-0.243,-0.029,0.803
-0.016,-0.135,-0.465
16.822,-2.041,91.726
-----
11793
-4.742,12.233,3.036
-0.183,0.029,0.963
-0.030,-0.141,-0.459
10.779,1.749,86.723
-----
11912
-1.015,-2.546,2.678
-0.110,-0.005,1.030
-0.026,-0.146,-0.459
6.116,-0.278,88.478
-----
12032
7.061,10.570,1.706
-0.136,0.023,0.981
-0.026,-0.146,-0.461
7.864,1.336,88.338
-----
12150
8.479,9.581,2.555
-0.197,-0.024,1.015
-0.015,-0.140,-0.456
10.987,-1.336,92.353
-----
12269
7.122,14.595,4.287
-0.056,-0.018,1.067
-0.008,-0.128,-0.471
2.998,-0.953,94.895
-----
12385
17.237,11.366,-13.134
-0.178,0.003,0.849
0.002,-0.124,-0.474
11.807,0.193,99.617
-----
12505
12.075,8.829,-17.150
-0.106,-0.138,0.933
0.014,-0.123,-0.479
6.402,-8.419,105.294
-----
12624
11.139,-6.396,-9.546
-0.190,-0.171,1.005
0.016,-0.126,-0.478
10.571,-9.673,105.736
-----
12743
-0.070,9.144,0.516
-0.085,-0.134,0.990
0.025,-0.118,-0.482
4.880,-7.686,110.721
-----
12860
-3.999,-5.871,10.815
-0.042,0.060,1.073
0.032,-0.125,-0.485
2.217,3.192,112.752
-----
12976
-2.511,18.813,23.476
-0.123,-0.077,0.888
0.029,-0.117,-0.478
7.861,-4.942,112.504
-----
13097
-2.362,-2.135,12.381
-0.161,-0.041,1.213
0.038,-0.120,-0.481
7.560,-1.956,115.965
-----
13214
-4.287,-15.960,9.100
-0.276,-0.115,0.908
0.026,-0.117,-0.480
16.773,-7.191,111.304
-----
13334
-1.663,5.889,-2.809
-0.128,0.097,0.989
0.017,-0.126,-0.478
7.362,5.597,106.354
-----
13452
9.520,14.350,-0.954
-0.021,0.073,1.009
0.024,-0.132,-0.474
1.216,4.160,108.778
-----
13572
12.521,-1.286,-7.376
-0.144,-0.020,1.007
0.033,-0.126,-0.485
8.151,-1.117,113.484
-----
13707
11.909,1.339,-7.096
-0.035,-0.165,0.919
0.038,-0.111,-0.487
2.162,-10.160,117.708
-----
13835
11.384,-6.274,-10.071
-0.092,-0.168,1.057
0.043,-0.113,-0.482
4.928,-9.028,119.417
-----
13954
0.735,-3.631,-8.811
-0.216,-0.192,0.989
0.039,-0.114,-0.484
12.103,-10.979,117.710
-----
14070
-1.960,-4.707,9.389
-0.254,-0.212,1.007
0.042,-0.118,-0.491
13.864,-11.905,117.988
-----
14190
-7.053,13.571,15.873
-0.169,-0.094,0.958
0.047,-0.129,-0.487
9.948,-5.587,118.563
-----
14310
-8.881,0.595,4.296
-0.230,-0.053,0.968
0.040,-0.137,-0.485
13.341,-3.135,114.780
-----
14426
2.634,13.160,5.758
-0.158,0.000,1.011
0.040,-0.146,-0.477
8.899,0.010,113.835
-----
14545
-1.059,8.146,1.129
-0.068,0.008,1.115
0.049,-0.149,-0.479
3.470,0.420,116.918
-----
14664
8.234,9.984,10.500
-0.188,-0.090,0.999
0.037,-0.142,-0.479
10.643,-5.169,113.199
-----
14779
6.457,-1.575,7.858
-0.162,-0.112,0.955
0.042,-0.137,-0.477
9.547,-6.669,115.461
-----
14899
6.694,-0.507,0.788
-0.229,-0.100,0.899
0.038,-0.128,-0.482
14.228,-6.349,115.274
-----
15015
3.019,-1.164,11.366
-0.105,-0.043,1.065
0.045,-0.127,-0.482
5.629,-2.319,118.258
-----
15133
-0.866,18.042,-6.134
-0.125,-0.077,1.040
0.040,-0.126,-0.489
6.821,-4.255,116.246
-----
15249
1.619,-4.821,-3.763
-0.087,0.005,1.045
0.050,-0.126,-0.484
4.738,0.271,120.041
-----
15369
-0.481,0.761,-2.879
-0.269,-0.058,0.903
0.050,-0.134,-0.476
16.575,-3.657,119.195
-----
15484
9.205,-3.841,-7.420
0.012,-0.026,1.025
0.057,-0.132,-0.474
-0.648,-1.439,122.027
-----
15606
-4.673,7.613,3.605
-0.135,-0.029,0.915
0.053,-0.132,-0.481
8.365,-1.832,120.245
-----
15726
4.095,-2.756,6.186
-0.056,-0.033,0.979
0.059,-0.137,-0.485
3.269,-1.942,122.012
-----
15843
3.229,6.475,8.584
-0.432,-0.116,0.937
0.051,-0.136,-0.481
24.613,-7.053,119.136
-----
15961
2.371,-16.056,-0.009
-0.392,-0.056,0.876
0.051,-0.133,-0.484
24.097,-3.655,119.379
-----
16080
6.510,0.910,2.669
-0.451,-0.105,0.890
0.046,-0.133,-0.477
26.722,-6.733,117.429
-----
16202
2.879,0.831,0.709
-0.265,-0.025,1.059
0.039,-0.134,-0.475
14.063,-1.340,114.960
-----
16322
3.981,-10.080,2.004
-0.340,-0.050,0.930
0.041,-0.132,-0.473
20.081,-3.061,115.806
-----
16438
5.084,15.304,-0.219
-0.527,-0.140,0.804
0.035,-0.134,-0.467
32.873,-9.842,113.121
-----
16558
0.683,-3.684,7.280
-0.445,-0.052,0.921
0.040,-0.129,-0.468
25.738,-3.217,115.683
-----
16676
1.619,9.188,7.245
-0.486,-0.114,0.887
0.033,-0.130,-0.471
28.510,-7.322,112.963
-----
16799
-1.951,-7.674,4.454
-0.413,-0.028,0.838
0.037,-0.127,-0.467
26.194,-1.934,114.918
-----
16917
0.945,4.970,5.276
-0.333,0.005,1.052
0.034,-0.133,-0.471
17.539,0.292,112.858
-----
17034
6.475,-4.043,1.409
-0.545,-0.049,0.923
0.028,-0.131,-0.467
30.529,-3.053,110.546
-----
17153
1.942,-4.813,-3.132
-0.409,-0.069,0.935
0.026,-0.125,-0.470
23.593,-4.243,110.199
-----
17271
1.452,7.569,3.981
-0.442,-0.029,0.898
0.024,-0.127,-0.458
26.189,-1.875,109.062
-----
17391
0.936,-5.303,1.216
-0.483,-0.009,0.931
0.023,-0.125,-0.465
27.418,-0.556,108.829
-----
17508
3.605,4.847,0.262
-0.420,-0.024,0.901
0.021,-0.124,-0.462
24.997,-1.501,108.200
-----
17624
9.118,-9.765,-1.321
-0.378,-0.117,0.927
0.026,-0.121,-0.471
22.051,-7.225,110.579
-----
17743
7.105,-5.994,3.999
-0.434,-0.131,0.931
0.024,-0.119,-0.470
24.759,-8.000,109.722
-----
17862
-4.541,-1.846,3.964
-0.435,-0.166,0.932
0.011,-0.116,-0.471
24.703,-10.091,104.147
-----
17984
-5.303,1.321,4.532
-0.454,-0.114,0.901
0.004,-0.116,-0.459
26.573,-7.221,100.650
-----
18100
-2.091,6.291,0.298
-0.220,-0.069,0.981
0.014,-0.129,-0.462
12.610,-4.026,104.818
-----
18220
0.184,-0.368,2.188
-0.177,-0.130,0.993
0.015,-0.132,-0.462
9.999,-7.429,105.120
-----
18338
-2.642,0.971,2.074
-0.139,-0.052,0.981
0.018,-0.136,-0.457
8.039,-3.053,106.271
-----
18457
-4.550,-6.055,-3.894
-0.368,-0.120,0.886
0.014,-0.139,-0.458
22.359,-7.691,104.348
-----
18577
-5.845,0.919,-6.186
-0.396,0.104,0.977
0.012,-0.145,-0.444
21.975,6.079,103.504
-----
18699
2.590,-3.316,1.732
-0.292,0.044,1.004
0.014,-0.151,-0.446
16.183,2.529,103.985
-----
18818
2.642,2.467,-3.273
-0.270,0.076,0.972
0.019,-0.149,-0.450
15.490,4.461,105.917
-----
18934
-0.315,-7.481,8.033
-0.183,0.012,0.963
0.015,-0.152,-0.447
10.784,0.733,104.118
-----
19054
1.916,-16.520,13.274
-0.307,-0.037,0.946
0.005,-0.145,-0.442
17.979,-2.261,100.564
-----
19169
-1.190,-21.044,16.161
-0.507,-0.026,0.904
-0.028,-0.145,-0.438
29.304,-1.624,87.664
-----
19289
-1.269,-10.587,-3.631
-0.418,0.017,0.911
-0.039,-0.151,-0.423
24.609,1.081,84.257
-----
19408
-4.139,5.521,1.864
-0.415,0.013,0.915
-0.046,-0.153,-0.423
24.382,0.821,82.001
-----
19527
-2.039,2.809,8.391
-0.414,0.043,0.924
-0.037,-0.154,-0.421
24.133,2.636,85.171
-----
19642
-4.401,-2.520,-7.963
-0.349,0.189,0.930
-0.032,-0.169,-0.416
20.197,11.479,87.800
-----
19759
5.521,-3.194,3.710
-0.323,-0.015,0.955
-0.037,-0.167,-0.424
18.671,-0.915,86.046
-----
19881
2.879,1.549,1.181
-0.357,0.069,0.927
-0.036,-0.166,-0.425
21.012,4.248,86.251
-----
20000
3.526,-2.669,6.668
-0.396,0.066,0.944
-0.039,-0.168,-0.417
22.728,3.971,85.366
-----
20120
5.600,7.122,0.796
-0.396,0.017,0.921
-0.036,-0.167,-0.416
23.260,1.036,86.531
-----
20239
1.881,4.287,-3.054
-0.354,0.050,0.924
-0.035,-0.168,-0.413
20.908,3.105,86.646
-----
20358
2.642,-2.940,5.924
-0.477,0.042,0.936
-0.038,-0.165,-0.417
26.975,2.574,85.713
-----
20480
0.630,-3.229,1.951
-0.407,0.007,0.920
-0.040,-0.167,-0.416
23.883,0.429,84.986
-----
20599
1.663,-0.394,11.139
-0.481,0.042,0.912
-0.043,-0.162,-0.414
27.759,2.607,83.883
-----
