551
-1.181,29.969,-2.660
-0.749,-0.568,0.402
0.000,0.000,0.000
47.095,-54.755,8.580
-----
689
5.372,-5.241,15.820
-0.820,-0.602,0.308
-0.120,0.493,-0.201
50.487,-62.866,292.279
-----
808
-4.034,-12.985,21.639
-0.814,-0.698,0.264
-0.103,0.500,-0.188
47.461,-69.269,290.186
-----
927
-1.977,0.901,18.917
-0.624,-0.639,0.246
-0.094,0.505,-0.202
42.317,-68.938,289.131
-----
1046
-20.799,-21.175,3.150
-0.788,-0.654,0.322
-0.085,0.512,-0.198
47.226,-63.823,287.981
-----
1163
9.196,3.553,30.625
-0.896,-0.704,0.365
-0.069,0.515,-0.203
48.490,-62.554,286.178
-----
1286
-20.843,1.041,0.630
-0.790,-0.962,0.120
-0.047,0.521,-0.195
39.180,-82.884,283.734
-----
1404
-36.531,8.873,28.210
-0.875,-0.713,0.306
-0.026,0.524,-0.221
48.425,-66.778,281.397
-----
1521
-52.141,51.380,-186.296
-0.844,-0.460,0.422
-0.071,0.491,-0.265
53.554,-47.474,286.836
-----
1638
4.156,33.740,-124.416
-0.988,-0.306,0.562
-0.180,0.396,-0.317
57.066,-28.580,303.073
-----
1757
18.847,64.260,-74.043
-0.971,-0.190,0.672
-0.218,0.333,-0.341
54.258,-15.767,311.767
-----
1880
8.750,41.326,12.023
-0.839,-0.281,0.711
-0.204,0.302,-0.377
47.673,-21.592,312.697
-----
1997
-2.581,52.806,-39.104
-0.592,-0.100,0.748
-0.177,0.284,-0.400
38.131,-7.653,310.428
-----
2117
59.955,8.750,9.861
-0.540,-0.042,0.703
-0.171,0.288,-0.403
37.448,-3.440,309.231
-----
2234
-16.826,39.524,-21.612
-0.248,0.364,0.700
-0.157,0.296,-0.401
17.466,27.466,306.569
-----
2350
2.791,-3.220,3.299
-0.547,-0.176,0.884
-0.179,0.295,-0.394
31.267,-11.244,309.811
-----
2473
47.224,-26.058,30.949
-0.636,-0.124,0.756
-0.182,0.318,-0.367
39.676,-9.314,308.341
-----
2592
-8.321,-54.364,38.763
-0.755,-0.268,0.557
-0.187,0.348,-0.332
50.700,-25.688,306.889
-----
2711
-4.506,-16.966,28.726
-0.856,-0.144,0.576
-0.200,0.354,-0.314
55.246,-13.989,308.043
-----
2827
-22.286,2.013,21.534
-0.758,-0.176,0.637
-0.186,0.360,-0.319
48.882,-15.464,305.898
-----
2947
-49.858,-30.135,55.195
-0.951,-0.237,0.536
-0.169,0.362,-0.335
58.367,-23.846,303.618
-----
3068
-28.639,57.654,31.132
-0.771,-0.379,0.409
-0.138,0.365,-0.371
54.158,-42.804,299.324
-----
3188
-45.089,92.636,10.176
-0.305,-0.214,0.686
-0.070,0.342,-0.422
22.966,-17.315,290.115
-----
3307
-72.503,44.056,-1.794
-0.135,-0.062,0.903
-0.012,0.301,-0.465
8.456,-3.932,280.895
-----
3423
-23.853,56.446,-44.013
-0.312,0.265,1.137
0.012,0.248,-0.501
14.951,13.112,275.892
-----
3543
12.898,3.999,18.226
-0.545,-0.101,0.878
-0.002,0.256,-0.496
31.649,-6.541,279.112
-----
3664
-1.785,39.743,-23.879
-0.100,-0.080,1.059
0.026,0.264,-0.488
5.364,-4.328,272.890
-----
3784
-18.392,6.597,3.491
-0.417,0.049,0.991
0.044,0.254,-0.495
22.804,2.850,268.760
-----
3900
20.046,31.413,45.544
-0.330,-0.159,1.040
0.062,0.273,-0.492
17.391,-8.694,265.703
-----
4017
-1.837,12.941,31.570
-0.292,-0.162,1.009
0.100,0.284,-0.493
15.966,-9.124,259.252
-----
4135
-7.035,24.631,13.501
-0.115,-0.105,0.959
0.122,0.277,-0.504
6.828,-6.268,254.720
-----
4258
-5.714,14.262,37.021
-0.123,-0.052,1.007
0.148,0.268,-0.500
6.961,-2.939,249.696
-----
4376
-4.629,7.858,-3.351
-0.169,-0.001,1.006
0.162,0.261,-0.502
9.533,-0.066,246.782
-----
4492
13.318,7.298,-2.476
-0.106,-0.009,0.930
0.161,0.261,-0.499
6.524,-0.549,246.835
-----
4612
2.476,8.899,6.825
-0.112,-0.132,0.986
0.171,0.267,-0.498
6.440,-7.635,245.880
-----
4730
1.636,4.034,11.174
-0.145,-0.096,0.967
0.182,0.264,-0.499
8.478,-5.680,243.981
-----
4853
0.228,15.540,13.195
-0.051,-0.060,0.984
0.188,0.256,-0.496
2.984,-3.503,242.245
-----
4970
-7.928,5.171,-0.385
-0.085,-0.018,1.023
0.194,0.256,-0.495
4.775,-1.001,241.445
-----
5088
-1.741,0.525,-1.575
-0.030,-0.015,0.989
0.195,0.254,-0.496
1.748,-0.876,241.118
-----
5208
3.027,5.775,5.574
-0.027,-0.094,0.989
0.192,0.252,-0.498
1.576,-5.417,241.239
-----
5327
-12.198,-6.160,-6.650
-0.035,0.002,0.979
0.200,0.250,-0.497
2.045,0.114,239.948
-----
5446
1.391,-5.259,-6.790
0.017,-0.027,1.005
0.190,0.245,-0.507
-0.990,-1.526,240.741
-----
5569
0.507,-1.120,-0.639
-0.045,-0.045,1.008
0.184,0.245,-0.503
2.562,-2.558,241.631
-----
5684
-4.847,-2.642,-3.832
-0.067,-0.052,1.012
0.175,0.246,-0.500
3.761,-2.940,243.107
-----
5803
-1.479,-5.250,-9.083
-0.117,-0.025,0.986
0.169,0.241,-0.501
6.766,-1.456,243.470
-----
5922
2.572,-10.369,-13.606
-0.122,0.088,0.994
0.149,0.234,-0.516
6.946,5.068,246.093
-----
6038
11.681,-2.581,-4.821
-0.024,-0.015,1.049
0.137,0.245,-0.504
1.326,-0.796,249.339
-----
6157
14.551,-3.203,1.024
-0.198,-0.091,0.969
0.119,0.257,-0.504
11.489,-5.371,253.684
-----
6277
1.549,-1.356,9.564
-0.122,-0.008,1.001
0.116,0.263,-0.504
6.933,-0.461,254.663
-----
6395
13.545,6.501,-0.630
0.123,-0.108,1.016
0.125,0.276,-0.501
-6.872,-6.082,254.169
-----
6514
1.829,-10.132,8.820
-0.200,-0.051,0.951
0.120,0.269,-0.497
11.847,-3.051,254.645
-----
6634
-1.689,-2.047,6.991
-0.186,-0.061,0.992
0.112,0.274,-0.502
10.604,-3.536,256.275
-----
6756
1.094,20.317,5.959
-0.193,-0.016,0.965
0.124,0.274,-0.506
11.285,-0.975,254.224
-----
6875
-2.713,2.118,19.093
-0.075,0.028,1.052
0.144,0.264,-0.510
4.088,1.541,249.978
-----
6991
5.688,-4.760,-0.149
0.022,-0.099,1.107
0.149,0.269,-0.502
-1.122,-5.097,249.579
-----
7110
0.105,-1.155,-7.586
-0.041,-0.087,0.988
0.145,0.268,-0.501
2.363,-5.059,250.096
-----
7226
-0.989,0.892,9.511
-0.034,-0.157,0.941
0.138,0.262,-0.503
2.059,-9.472,250.742
-----
7346
5.758,-1.242,1.663
-0.025,-0.193,1.002
0.149,0.261,-0.504
1.432,-10.905,248.958
-----
7468
-5.241,-1.356,-1.680
-0.169,-0.010,0.915
0.136,0.266,-0.507
10.448,-0.604,251.558
-----
7587
5.530,7.648,15.715
0.130,-0.116,0.992
0.145,0.272,-0.497
-7.398,-6.642,250.596
-----
7703
-1.251,12.092,1.435
-0.059,-0.132,0.992
0.137,0.275,-0.496
3.379,-7.564,252.097
-----
7820
-0.481,3.369,2.520
-0.050,-0.108,1.144
0.146,0.271,-0.501
2.487,-5.386,250.230
-----
7938
-2.196,-10.719,1.260
-0.179,0.030,0.911
0.130,0.272,-0.502
11.119,1.859,252.991
-----
8060
14.682,-3.010,4.515
-0.255,-0.153,1.080
0.124,0.276,-0.502
13.150,-8.069,254.303
-----
8179
0.184,-5.696,1.313
-0.085,0.007,0.851
0.130,0.272,-0.499
5.709,0.501,252.968
-----
8299
2.301,-11.830,7.980
-0.335,-0.241,0.972
0.122,0.281,-0.492
18.514,-13.950,255.182
-----
8415
5.653,6.878,8.391
-0.198,-0.056,0.927
0.116,0.276,-0.495
12.041,-3.449,255.807
-----
8535
1.925,8.129,-3.351
0.003,-0.113,0.930
0.116,0.276,-0.487
-0.213,-6.934,255.847
-----
8657
4.454,13.449,-4.926
0.023,-0.136,0.982
0.116,0.275,-0.493
-1.347,-7.891,255.752
-----
8776
2.389,-2.152,12.092
-0.018,-0.055,1.020
0.120,0.272,-0.493
0.981,-3.059,254.730
-----
8892
5.084,-2.494,9.371
-0.256,-0.060,1.057
0.117,0.280,-0.489
13.569,-3.256,255.934
-----
9012
2.476,9.642,-9.441
-0.114,-0.148,1.095
0.119,0.282,-0.483
5.882,-7.717,255.767
-----
9132
-3.929,0.192,-19.600
-0.283,0.023,1.000
0.100,0.283,-0.493
15.784,1.304,259.099
-----
9254
2.879,-7.709,-2.818
-0.201,-0.069,0.789
0.087,0.288,-0.485
14.233,-4.982,261.705
-----
9370
-6.178,-2.975,3.990
-0.151,-0.160,0.885
0.093,0.292,-0.495
9.556,-10.228,260.832
-----
9487
-1.067,21.035,13.309
-0.158,-0.136,0.919
0.091,0.296,-0.494
9.621,-8.431,261.447
-----
9605
3.211,14.954,23.100
-0.260,-0.158,0.956
0.112,0.296,-0.489
14.995,-9.391,257.843
-----
9724
-2.660,-10.903,10.150
-0.284,0.047,1.072
0.128,0.285,-0.496
14.846,2.489,254.370
-----
9844
0.971,-10.255,-2.152
-0.206,-0.009,0.932
0.128,0.298,-0.491
12.452,-0.551,255.372
-----
9967
0.280,9.004,5.504
-0.162,-0.086,0.786
0.121,0.300,-0.490
11.601,-6.209,256.618
-----
10083
-0.079,4.331,4.016
-0.127,-0.029,0.904
0.125,0.296,-0.490
8.021,-1.835,255.703
-----
10202
4.226,4.821,-6.309
-0.092,0.028,1.066
0.130,0.297,-0.500
4.935,1.498,254.949
-----
10321
-1.697,-1.059,-1.111
-0.249,-0.125,1.076
0.139,0.299,-0.491
12.928,-6.620,253.572
-----
10437
-0.420,-2.704,-2.686
0.012,-0.006,1.149
0.137,0.290,-0.501
-0.578,-0.322,253.379
-----
10556
-2.223,8.601,12.880
-0.027,-0.049,1.039
0.134,0.293,-0.496
1.495,-2.715,253.996
-----
10675
2.739,14.210,-8.802
0.138,-0.145,0.990
0.140,0.286,-0.499
-7.861,-8.321,252.465
-----
10793
-8.767,0.070,12.233
-0.250,-0.095,1.000
0.131,0.278,-0.507
13.974,-5.427,253.336
-----
10910
1.260,-18.935,3.789
-0.263,-0.126,0.945
0.126,0.272,-0.501
15.444,-7.567,253.668
-----
11029
5.136,22.225,12.836
-0.028,-0.088,1.003
0.124,0.271,-0.508
1.580,-4.993,253.931
-----
11148
6.668,-7.026,-0.928
-0.155,-0.077,1.073
0.131,0.275,-0.511
8.222,-4.096,253.076
-----
11265
5.224,8.120,5.372
0.043,0.042,1.072
0.129,0.270,-0.509
-2.275,2.258,253.082
-----
11384
5.722,17.684,0.201
-0.217,-0.102,0.974
0.128,0.272,-0.509
12.492,-5.965,253.400
-----
11503
-3.071,-2.852,4.375
-0.145,-0.032,0.970
0.144,0.275,-0.503
8.524,-1.873,250.965
-----
11620
7.682,10.815,-3.815
-0.147,-0.047,0.886
0.137,0.271,-0.508
9.424,-3.016,251.779
-----
11742
4.961,0.368,-1.041
-0.059,-0.061,0.970
0.133,0.263,-0.503
3.470,-3.585,251.845
-----
11862
2.922,13.352,3.036
0.011,-0.233,1.094
0.126,0.271,-0.496
-0.565,-12.019,253.696
-----
11977
-4.148,-4.051,12.871
-0.165,-0.076,0.959
0.119,0.266,-0.493
9.707,-4.533,254.455
-----
12097
-0.647,-5.504,6.641
-0.374,-0.113,0.895
0.117,0.275,-0.497
22.533,-7.211,255.565
-----
12216
-0.805,8.627,4.139
0.036,0.007,1.012
0.125,0.277,-0.504
-2.020,0.411,254.274
-----
12333
-3.063,-3.806,1.803
-0.251,-0.001,1.046
0.116,0.276,-0.507
13.477,-0.037,255.818
-----
12454
4.874,13.948,3.378
-0.128,-0.039,0.955
0.122,0.274,-0.510
7.648,-2.333,254.683
-----
12574
2.791,3.614,4.935
-0.122,-0.069,1.016
0.131,0.277,-0.502
6.838,-3.865,253.208
-----
12693
6.659,0.744,-2.572
-0.284,-0.005,0.898
0.127,0.276,-0.500
17.534,-0.319,253.764
-----
12809
-1.321,6.624,-0.954
-0.124,-0.098,0.943
0.126,0.281,-0.497
7.447,-5.940,254.438
-----
12929
12.460,3.027,-16.292
-0.141,-0.115,1.071
0.115,0.275,-0.506
7.455,-6.143,255.968
-----
13051
-1.260,9.642,3.483
-0.062,-0.155,0.986
0.120,0.272,-0.501
3.544,-8.947,254.853
-----
13170
3.789,-7.831,17.325
-0.278,-0.159,0.997
0.126,0.275,-0.500
15.411,-9.053,253.960
-----
13287
-2.879,9.153,11.708
-0.075,-0.070,1.067
0.128,0.267,-0.491
4.016,-3.757,253.081
-----
13403
-7.901,4.629,10.168
0.065,-0.043,1.179
0.123,0.271,-0.488
-3.136,-2.068,254.112
-----
13521
7.000,-11.454,1.663
-0.215,-0.020,0.953
0.112,0.270,-0.489
12.709,-1.181,256.106
-----
13658
0.210,16.091,-3.132
-0.005,0.058,1.246
0.111,0.292,-0.478
0.224,2.684,257.832
-----
13786
10.824,-15.505,-5.285
-0.494,-0.038,0.737
0.096,0.318,-0.488
33.812,-2.918,261.758
-----
13904
0.455,7.420,-4.988
-0.099,-0.095,0.948
0.096,0.343,-0.483
5.916,-5.738,262.882
-----
14024
3.526,10.465,-7.262
0.003,-0.202,1.181
0.109,0.344,-0.482
-0.120,-9.684,261.046
-----
14141
-7.236,8.111,12.390
-0.322,-0.127,0.948
0.120,0.333,-0.492
18.614,-7.647,258.826
-----
14263
-10.421,-0.726,8.689
-0.199,0.004,0.920
0.139,0.312,-0.493
12.190,0.236,254.496
-----
14382
4.051,5.460,3.824
0.034,-0.025,1.014
0.138,0.295,-0.495
-1.933,-1.403,253.459
-----
14498
-2.441,-7.586,15.943
-0.234,0.041,0.945
0.144,0.291,-0.493
13.908,2.490,252.258
-----
14617
3.351,16.765,6.247
-0.304,0.045,0.986
0.136,0.286,-0.497
17.140,2.618,253.136
-----
14732
8.523,-4.069,-5.609
-0.175,0.024,1.022
0.142,0.273,-0.499
9.724,1.340,251.118
-----
14852
15.689,-2.301,-4.541
-0.226,-0.086,0.787
0.127,0.276,-0.494
15.908,-6.252,253.906
-----
14973
4.235,0.683,-9.144
-0.117,-0.178,0.924
0.120,0.281,-0.491
7.118,-10.925,255.447
-----
15092
-6.309,-1.986,0.420
-0.306,-0.151,0.982
0.109,0.277,-0.496
17.125,-8.754,257.214
-----
15209
1.452,3.010,8.453
-0.275,-0.066,0.867
0.110,0.269,-0.497
17.567,-4.377,256.266
-----
15326
-4.804,10.377,-0.910
-0.037,-0.064,0.976
0.122,0.261,-0.498
2.190,-3.742,253.482
-----
15443
3.640,-5.801,6.545
-0.248,-0.109,0.772
0.116,0.257,-0.506
17.628,-8.015,254.256
-----
15566
1.846,4.970,6.930
-0.288,0.052,1.006
0.123,0.256,-0.508
15.959,2.937,253.012
-----
15685
8.680,10.194,-3.894
-0.160,-0.048,1.091
0.131,0.258,-0.504
8.340,-2.510,251.631
-----
15805
10.964,1.663,-0.306
-0.217,0.023,0.796
0.122,0.263,-0.502
15.270,1.632,253.795
-----
15921
-0.359,5.512,-0.368
-0.003,-0.106,1.038
0.120,0.271,-0.502
0.191,-5.824,254.766
-----
16040
1.444,-3.710,3.465
0.083,-0.130,1.025
0.116,0.270,-0.503
-4.601,-7.222,255.324
-----
16163
-7.989,16.170,12.898
-0.081,-0.112,0.927
0.116,0.273,-0.501
4.943,-6.918,255.499
-----
16282
-0.744,4.707,-4.497
-0.193,-0.183,0.935
0.116,0.267,-0.503
11.453,-11.060,255.197
-----
16398
0.674,-2.144,5.635
-0.087,0.029,0.919
0.113,0.258,-0.503
5.398,1.780,255.000
-----
16517
-1.505,-18.541,7.166
-0.395,0.096,0.909
0.097,0.255,-0.505
23.347,6.025,257.673
-----
16633
2.152,15.129,2.826
0.042,-0.093,1.196
0.096,0.267,-0.500
-1.989,-4.439,258.713
-----
16755
3.500,-10.666,5.889
-0.663,0.107,0.742
0.080,0.281,-0.504
41.505,8.206,262.725
-----
16875
19.775,12.854,-11.515
-0.028,-0.346,1.095
0.085,0.314,-0.505
1.409,-17.552,263.403
-----
16991
-3.588,-19.696,7.359
-0.460,-0.035,0.871
0.078,0.326,-0.510
27.803,-2.322,265.154
-----
17110
0.919,26.784,2.634
0.066,-0.057,1.269
0.097,0.333,-0.510
-2.983,-2.577,262.374
-----
17229
2.818,2.144,-0.123
-0.485,0.007,0.810
0.102,0.331,-0.506
30.880,0.466,261.479
-----
17352
5.495,30.704,1.339
-0.033,-0.103,1.414
0.109,0.332,-0.503
1.316,-4.182,260.326
-----
17467
-0.507,-25.209,-0.411
-0.636,-0.124,0.737
0.107,0.328,-0.504
40.416,-9.544,260.542
-----
17583
-11.279,11.611,7.210
-0.449,-0.122,0.927
0.109,0.327,-0.516
25.651,-7.511,260.160
-----
17701
-1.120,-2.109,3.736
-0.404,0.001,0.934
0.115,0.303,-0.519
23.409,0.049,257.726
-----
17818
3.885,7.892,12.495
-0.450,-0.101,0.826
0.129,0.298,-0.518
28.400,-7.000,255.219
-----
17937
-2.695,10.579,-0.945
-0.327,-0.039,1.027
0.133,0.284,-0.514
17.658,-2.157,253.528
-----
18057
-0.998,1.313,5.495
-0.449,-0.040,0.914
0.128,0.275,-0.523
26.166,-2.477,253.670
-----
18172
3.194,3.465,5.329
-0.330,-0.074,0.935
0.138,0.276,-0.516
19.408,-4.547,252.003
-----
18292
-0.735,-0.053,10.483
-0.386,-0.008,0.975
0.138,0.267,-0.512
21.581,-0.466,251.228
-----
18411
-0.131,7.866,5.670
-0.376,-0.048,0.964
0.135,0.272,-0.509
21.304,-2.851,252.251
-----
18528
2.459,4.366,2.537
-0.349,-0.005,0.951
0.143,0.270,-0.509
20.173,-0.283,250.640
-----
18650
4.926,2.511,-2.328
-0.342,-0.041,0.946
0.141,0.275,-0.509
19.872,-2.503,251.481
-----
18769
1.138,2.879,-0.691
-0.311,-0.052,0.945
0.142,0.272,-0.503
18.176,-3.142,250.963
-----
18888
1.409,1.234,3.299
-0.332,-0.082,0.948
0.129,0.273,-0.509
19.215,-4.948,253.404
-----
19004
2.459,2.074,5.303
-0.292,-0.104,0.939
0.133,0.268,-0.508
17.163,-6.305,252.243
-----
19124
1.374,-6.580,7.892
-0.310,-0.046,0.974
0.128,0.274,-0.511
17.668,-2.733,253.605
-----
19247
-1.514,1.619,12.714
-0.388,-0.051,0.941
0.130,0.266,-0.501
22.370,-3.097,252.487
-----
19365
4.445,8.627,4.725
-0.255,-0.078,0.986
0.127,0.262,-0.504
14.484,-4.503,252.753
-----
19482
-3.631,-0.096,4.113
-0.186,-0.086,0.967
0.134,0.269,-0.510
10.857,-5.087,252.087
-----
19598
3.955,0.438,13.703
-0.250,0.003,0.967
0.133,0.264,-0.514
14.503,0.181,251.894
-----
19718
0.385,2.126,-0.359
-0.197,-0.023,0.998
0.135,0.266,-0.508
11.142,-1.299,251.762
-----
19841
4.673,4.340,-5.425
-0.321,-0.055,0.922
0.134,0.263,-0.513
19.191,-3.438,251.614
-----
19959
4.086,8.190,2.503
-0.215,-0.167,1.027
0.128,0.276,-0.508
11.683,-9.263,253.632
-----
20078
-3.369,8.094,4.077
-0.169,-0.019,0.956
0.141,0.264,-0.502
10.047,-1.155,250.589
-----
20195
1.260,-4.961,7.849
-0.435,-0.081,0.899
0.140,0.260,-0.508
25.710,-5.168,250.204
-----
20311
2.704,-1.374,0.131
-0.281,-0.053,0.942
0.141,0.265,-0.510
16.591,-3.246,250.460
-----
20430
5.574,8.802,-7.586
-0.228,-0.088,1.007
0.137,0.267,-0.510
12.692,-5.000,251.477
-----
20552
3.054,-9.800,4.156
-0.215,-0.086,1.002
0.134,0.277,-0.505
12.061,-4.935,252.796
-----
20668
-0.175,13.860,6.108
-0.087,-0.062,0.984
0.132,0.275,-0.507
5.072,-3.616,252.967
-----
20787
0.385,-1.671,0.735
-0.177,-0.025,0.990
0.139,0.269,-0.509
10.141,-1.419,251.256
-----
20907
1.899,6.878,1.697
-0.168,-0.089,0.971
0.135,0.271,-0.507
9.757,-5.260,252.145
-----
21022
8.829,14.123,-1.741
0.065,0.009,1.044
0.136,0.272,-0.508
-3.581,0.469,252.062
-----
21145
0.840,-2.800,-5.110
0.066,-0.017,1.017
0.142,0.277,-0.507
-3.697,-0.976,251.380
-----
21262
7.613,-4.996,-10.448
0.113,-0.062,1.083
0.127,0.276,-0.502
-5.940,-3.276,253.860
-----
21382
6.536,-7.613,-13.720
-0.033,-0.021,0.962
0.114,0.284,-0.506
1.982,-1.239,256.813
-----
21499
14.674,-16.608,-17.815
-0.020,-0.182,1.111
0.092,0.290,-0.496
1.037,-9.291,261.062
-----
21616
-6.676,-2.660,-3.115
-0.057,-0.268,0.999
0.070,0.294,-0.492
3.173,-15.038,265.201
-----
21736
-13.650,-12.416,19.556
-0.133,0.001,1.056
0.053,0.277,-0.503
7.169,0.063,267.677
-----
21855
8.068,-3.019,5.460
-0.222,-0.106,0.884
0.044,0.278,-0.505
13.990,-6.828,269.548
-----
21974
-3.561,1.461,-0.262
-0.174,-0.003,1.087
0.046,0.276,-0.507
9.082,-0.167,269.033
-----
22090
-3.754,12.355,4.681
-0.220,-0.147,1.008
0.048,0.268,-0.510
12.195,-8.277,268.381
-----
22210
-13.528,7.332,7.700
-0.262,-0.026,0.862
0.055,0.261,-0.515
16.929,-1.724,266.681
-----
22330
-5.486,13.764,14.516
-0.331,-0.148,0.820
0.067,0.239,-0.513
21.656,-10.219,262.959
-----
22446
-2.747,-2.905,-4.970
-0.257,0.094,0.987
0.061,0.240,-0.518
14.546,5.416,264.292
-----
22562
8.531,-4.734,11.471
-0.154,0.021,0.976
0.062,0.236,-0.520
8.966,1.232,263.875
-----
22681
2.678,-14.472,10.342
-0.277,0.051,1.014
0.060,0.243,-0.518
15.264,2.855,264.653
-----
22801
10.299,19.556,8.129
-0.140,0.023,0.978
0.062,0.238,-0.513
8.131,1.322,264.077
-----
22923
2.642,18.585,7.079
0.010,-0.141,0.937
0.084,0.245,-0.517
-0.605,-8.570,259.656
-----
23042
2.888,-7.403,17.526
-0.301,-0.008,0.996
0.091,0.250,-0.517
16.832,-0.470,258.525
-----
23158
9.021,6.536,-0.044
-0.367,0.028,0.914
0.095,0.246,-0.515
21.851,1.739,257.503
-----
23278
10.299,15.715,-0.262
-0.231,0.052,0.819
0.095,0.261,-0.512
15.730,3.628,258.483
-----
23397
2.467,11.655,-1.242
-0.140,-0.100,0.997
0.090,0.276,-0.508
7.984,-5.729,260.574
-----
23514
-8.986,8.916,-2.844
-0.200,-0.272,0.882
0.085,0.277,-0.494
12.200,-17.109,261.599
-----
23635
4.323,1.986,8.960
-0.265,0.044,0.888
0.092,0.276,-0.507
16.617,2.831,260.215
-----
23755
-3.071,-11.629,-1.190
-0.217,-0.176,1.095
0.101,0.286,-0.507
11.087,-9.139,259.065
-----
23875
5.469,13.256,7.551
-0.319,-0.137,0.866
0.095,0.272,-0.508
20.008,-9.017,259.299
-----
23993
-12.066,4.323,0.394
-0.214,-0.111,0.922
0.105,0.272,-0.514
12.978,-6.856,257.473
-----
24110
-9.135,2.284,16.100
-0.092,-0.023,0.935
0.116,0.264,-0.512
5.625,-1.387,254.866
-----
24229
-5.898,-0.061,10.185
-0.040,0.255,1.024
0.122,0.249,-0.516
2.166,14.007,252.546
-----
24348
7.105,8.610,-3.360
-0.144,-0.008,0.949
0.123,0.261,-0.516
8.637,-0.512,253.397
-----
24467
10.211,8.759,1.085
-0.169,-0.016,1.040
0.133,0.260,-0.513
9.256,-0.871,251.474
-----
24584
5.556,2.984,-13.834
-0.369,0.029,0.892
0.119,0.268,-0.512
22.456,1.860,254.709
-----
24704
11.996,-8.444,-2.642
-0.174,-0.186,0.855
0.109,0.280,-0.507
11.255,-12.258,257.255
-----
24826
2.249,-0.490,9.266
0.022,-0.180,1.098
0.114,0.283,-0.508
-1.108,-9.330,256.695
-----
24945
-9.135,-7.770,-5.871
-0.369,-0.044,0.866
0.104,0.281,-0.500
23.063,-2.918,258.268
-----
25064
-1.050,7.831,2.940
-0.351,-0.109,0.939
0.105,0.268,-0.511
20.353,-6.639,257.234
-----
25181
-4.568,-4.244,12.898
-0.391,-0.100,0.977
0.113,0.269,-0.513
21.723,-5.852,255.822
-----
25300
-4.681,11.979,22.050
0.096,-0.038,0.877
0.124,0.262,-0.509
-6.267,-2.480,253.205
-----
25423
1.768,18.296,-7.446
-0.059,-0.082,0.987
0.128,0.250,-0.506
3.417,-4.771,251.452
-----
25542
10.211,3.325,10.448
-0.031,0.044,1.087
0.125,0.254,-0.514
1.652,2.299,252.459
-----
25658
6.037,-9.467,-1.628
-0.305,-0.061,1.140
0.135,0.261,-0.509
14.951,-3.041,251.136
-----
25778
8.435,-10.596,0.910
-0.357,-0.030,0.762
0.116,0.265,-0.504
25.060,-2.260,255.065
-----
25896
3.299,-7.805,-0.009
-0.016,-0.115,1.031
0.111,0.263,-0.507
0.869,-6.363,255.654
-----
26015
8.225,-31.369,-9.783
-0.249,-0.194,0.947
0.107,0.268,-0.506
14.433,-11.557,256.804
-----
26132
1.732,16.949,7.332
-0.186,-0.013,0.879
0.095,0.264,-0.505
11.956,-0.859,258.836
-----
26249
-5.241,11.007,2.467
-0.271,-0.135,1.054
0.103,0.273,-0.503
14.318,-7.307,257.886
-----
26369
-8.645,3.736,10.168
-0.223,-0.021,0.901
0.110,0.266,-0.515
13.879,-1.342,256.095
-----
26486
-4.051,12.583,4.690
-0.071,-0.049,0.926
0.109,0.267,-0.514
4.391,-3.048,256.360
-----
26603
1.759,0.429,4.760
-0.066,0.060,1.161
0.118,0.255,-0.515
3.226,2.936,253.805
-----
26741
9.861,17.089,10.238
-0.187,0.008,0.950
0.122,0.268,-0.512
11.106,0.508,254.172
-----
26861
5.626,-12.819,-13.484
-0.437,-0.045,0.824
0.119,0.272,-0.507
27.916,-3.111,255.034
-----
26977
6.536,-4.734,-5.714
-0.037,-0.154,0.954
0.116,0.281,-0.509
2.181,-9.160,256.106
-----
27096
8.199,-5.749,1.995
-0.252,-0.222,0.985
0.109,0.284,-0.514
14.010,-12.696,257.489
-----
27215
-4.550,5.407,11.760
-0.130,-0.147,1.040
0.118,0.280,-0.516
7.078,-8.040,255.669
-----
27347
-7.665,8.671,8.619
-0.205,-0.042,0.932
0.123,0.277,-0.515
12.416,-2.575,254.693
-----
27465
-6.169,-4.375,0.262
-0.015,0.064,0.924
0.123,0.268,-0.517
0.917,3.951,253.828
-----
27585
2.467,8.216,16.389
-0.169,-0.029,1.020
0.114,0.267,-0.518
9.410,-1.631,255.563
-----
27702
9.529,-4.314,0.919
-0.236,-0.019,1.093
0.120,0.272,-0.518
12.201,-1.017,254.765
-----
27821
3.194,-0.341,6.291
-0.302,0.044,1.050
0.122,0.276,-0.517
16.035,2.389,254.763
-----
27943
8.365,3.439,-5.233
0.018,-0.140,0.869
0.123,0.273,-0.505
-1.175,-9.120,254.435
-----
28059
-2.993,-4.148,-8.024
-0.272,-0.084,0.977
0.108,0.280,-0.505
15.532,-4.909,257.420
-----
28178
2.984,7.910,2.730
-0.297,-0.187,1.102
0.097,0.277,-0.498
14.857,-9.606,259.376
-----
28298
-2.818,9.222,9.432
-0.133,-0.110,1.007
0.112,0.270,-0.499
7.491,-6.260,256.116
-----
28417
-1.697,1.584,6.379
-0.259,-0.062,0.913
0.110,0.268,-0.507
15.812,-3.875,256.305
-----
28540
3.360,6.869,4.532
-0.068,0.005,1.055
0.109,0.257,-0.511
3.691,0.295,255.679
-----
28656
1.076,2.415,6.344
-0.259,-0.007,1.024
0.106,0.267,-0.508
14.214,-0.413,256.820
-----
28772
8.627,13.379,12.661
-0.156,-0.003,1.110
0.119,0.262,-0.508
7.975,-0.164,254.138
-----
28891
9.301,-9.546,-9.432
-0.285,-0.058,0.848
0.116,0.276,-0.504
18.549,-3.907,255.898
-----
29009
4.358,-3.780,-9.739
-0.116,-0.126,0.924
0.104,0.277,-0.509
7.117,-7.747,257.922
-----
29129
-2.520,-3.553,-1.916
-0.219,-0.141,1.087
0.100,0.278,-0.497
11.299,-7.410,258.815
-----
29252
-8.531,13.431,14.079
-0.047,-0.048,0.949
0.102,0.274,-0.502
2.844,-2.866,258.233
-----
29368
-6.869,1.207,15.977
-0.324,-0.200,0.910
0.107,0.273,-0.501
19.206,-12.388,257.144
-----
29485
-3.150,-2.284,-6.694
-0.016,0.120,0.866
0.109,0.261,-0.501
1.027,7.906,255.956
-----
29603
-2.004,-1.076,13.659
-0.169,-0.000,1.072
0.103,0.266,-0.497
8.943,-0.013,257.411
-----
29722
-1.260,11.305,18.725
-0.246,-0.032,1.118
0.102,0.269,-0.495
12.415,-1.628,257.717
-----
29845
4.804,-6.256,-17.001
-0.282,0.012,0.893
0.099,0.264,-0.495
17.528,0.783,258.114
-----
29964
8.899,17.185,-12.609
-0.118,-0.242,0.845
0.083,0.274,-0.491
7.613,-15.984,261.757
-----
30081
-2.301,-4.637,-2.319
-0.297,-0.102,1.052
0.068,0.281,-0.490
15.695,-5.550,265.002
-----
30200
-6.510,12.906,10.045
-0.313,-0.190,0.965
0.059,0.290,-0.493
17.668,-11.148,267.174
-----
30319
-1.864,-7.936,10.841
-0.411,-0.122,0.918
0.062,0.295,-0.509
23.920,-7.548,266.779
-----
30439
-1.636,7.980,4.970
-0.011,-0.035,0.979
0.075,0.309,-0.514
0.620,-2.062,264.862
-----
30558
-5.582,0.376,9.774
-0.319,0.075,0.929
0.083,0.305,-0.525
18.894,4.619,263.256
-----
30676
2.678,11.104,-2.695
-0.188,-0.007,1.225
0.105,0.299,-0.524
8.728,-0.345,259.169
-----
30793
7.989,-19.565,-12.163
-0.305,0.000,0.675
0.099,0.294,-0.525
24.338,0.041,260.047
-----
30913
12.670,9.818,-13.002
-0.001,-0.235,0.962
0.099,0.293,-0.524
0.056,-13.739,259.923
-----
31033
2.800,-17.692,4.699
-0.399,-0.212,0.920
0.088,0.290,-0.516
22.900,-12.957,261.744
-----
31152
-1.173,9.319,10.658
-0.341,-0.076,1.000
0.097,0.282,-0.515
18.763,-4.352,259.660
-----
31270
-2.345,4.104,18.900
-0.249,-0.069,0.958
0.105,0.274,-0.510
14.517,-4.092,257.640
-----
31390
0.822,-0.700,6.580
-0.195,-0.053,0.860
0.109,0.271,-0.511
12.756,-3.540,256.773
-----
31506
1.969,11.891,10.658
-0.197,-0.000,1.060
0.104,0.267,-0.509
10.545,-0.003,257.324
-----
31625
4.340,6.510,-2.590
-0.392,0.045,1.135
0.107,0.269,-0.507
19.023,2.284,256.871
-----
31745
17.360,-3.098,3.491
-0.313,-0.103,0.838
0.101,0.277,-0.497
20.331,-7.008,258.604
-----
31863
3.080,-2.091,0.586
-0.134,-0.186,0.880
0.107,0.281,-0.493
8.483,-11.903,257.793
-----
31982
4.296,4.489,6.195
-0.406,-0.176,1.082
0.098,0.285,-0.499
20.321,-9.260,259.514
-----
32098
-6.799,9.852,-0.560
-0.344,-0.160,0.933
0.098,0.284,-0.492
19.970,-9.736,259.435
-----
32217
-5.906,2.625,12.967
-0.058,-0.009,0.884
0.106,0.276,-0.498
3.787,-0.609,257.500
-----
32338
-0.892,3.115,10.509
-0.126,-0.011,0.924
0.102,0.274,-0.496
7.759,-0.673,258.117
-----
32458
7.560,-0.822,-9.065
-0.263,0.008,1.110
0.094,0.276,-0.499
13.312,0.431,259.710
-----
32578
4.821,1.995,-1.785
-0.139,0.001,1.006
0.101,0.278,-0.494
7.880,0.042,258.629
-----
32696
8.627,2.485,-3.036
-0.158,-0.208,0.824
0.085,0.289,-0.492
10.527,-14.182,262.251
-----
32813
3.841,-0.333,-3.132
-0.078,-0.135,1.017
0.080,0.302,-0.494
4.372,-7.549,263.683
-----
32932
-4.025,15.461,4.813
-0.257,-0.146,0.958
0.088,0.312,-0.495
14.839,-8.667,262.889
-----
33051
-8.698,-21.122,4.883
-0.262,-0.129,1.013
0.108,0.304,-0.496
14.401,-7.259,259.027
-----
33170
-2.362,-12.198,-1.592
-0.264,0.024,0.934
0.106,0.286,-0.500
15.794,1.481,258.218
-----
33287
0.858,6.020,-0.438
-0.315,-0.029,0.953
0.104,0.273,-0.497
18.278,-1.716,257.718
-----
33406
-0.560,-4.235,6.755
-0.365,0.059,0.956
0.106,0.271,-0.501
20.851,3.515,257.204
-----
33529
4.944,24.771,1.837
-0.159,-0.047,1.109
0.124,0.262,-0.495
8.146,-2.407,253.190
-----
33645
16.686,-13.869,6.011
-0.282,-0.220,0.860
0.124,0.268,-0.489
17.611,-14.373,253.775
-----
33764
-2.783,19.276,1.908
0.025,-0.107,1.187
0.117,0.270,-0.483
-1.225,-5.170,255.177
-----
33883
-2.984,-0.980,0.114
-0.397,-0.078,0.924
0.101,0.261,-0.482
23.168,-4.802,257.464
-----
33999
2.406,13.108,5.390
-0.193,-0.091,0.975
0.097,0.271,-0.484
11.128,-5.316,258.816
-----
34121
4.095,-9.284,-0.507
-0.369,-0.057,0.966
0.085,0.271,-0.484
20.860,-3.400,261.154
-----
34241
5.259,5.057,3.019
-0.372,-0.100,0.912
0.071,0.307,-0.490
22.091,-6.263,265.576
-----
34357
0.228,-13.965,0.674
-0.325,-0.039,0.872
0.075,0.325,-0.503
20.407,-2.571,265.616
-----
34476
4.148,0.560,0.822
-0.540,-0.074,0.811
0.080,0.336,-0.512
33.542,-5.246,265.147
-----
34595
6.904,-12.547,-9.266
-0.182,-0.089,1.061
0.102,0.337,-0.515
9.684,-4.792,261.717
-----
34717
1.837,6.755,1.505
-0.641,-0.053,0.803
0.089,0.335,-0.509
38.533,-3.795,263.714
-----
34837
0.560,19.898,4.235
-0.123,-0.064,1.029
0.109,0.328,-0.513
6.800,-3.559,260.189
-----
34953
3.098,-36.733,3.203
-0.444,-0.040,0.920
0.114,0.311,-0.508
25.754,-2.505,258.489
-----
35073
2.406,15.776,3.080
-0.346,-0.109,0.848
0.108,0.307,-0.505
22.040,-7.303,259.296
-----
35190
-1.400,-1.846,3.920
-0.425,-0.035,0.910
0.120,0.297,-0.509
25.039,-2.216,256.620
-----
35307
4.244,-0.044,2.879
-0.403,-0.092,0.912
0.119,0.287,-0.502
23.742,-5.768,256.069
-----
35427
-2.109,20.003,1.251
-0.338,-0.012,0.870
0.119,0.281,-0.507
21.218,-0.791,255.523
-----
35546
5.460,0.674,2.310
-0.288,-0.127,1.036
0.131,0.280,-0.500
15.410,-6.993,253.491
-----
35664
-0.096,8.689,5.976
-0.443,-0.027,0.917
0.128,0.273,-0.501
25.763,-1.681,253.528
-----
35781
1.461,3.868,4.681
-0.307,-0.103,0.980
0.132,0.275,-0.502
17.289,-6.008,252.990
-----
35897
-0.647,1.960,7.516
-0.392,-0.056,0.963
0.131,0.267,-0.507
22.130,-3.352,252.521
-----
36021
2.791,7.963,5.722
-0.275,-0.101,0.961
0.135,0.270,-0.502
15.908,-5.995,252.051
-----
36136
1.102,-2.047,7.201
-0.324,-0.023,0.927
0.133,0.267,-0.511
19.265,-1.444,252.159
-----
36256
2.572,3.447,-3.141
-0.318,-0.033,0.935
0.134,0.269,-0.504
18.789,-2.003,252.122
-----
36375
2.581,-0.350,-0.805
-0.374,-0.054,0.956
0.130,0.267,-0.513
21.336,-3.255,252.728
-----
36492
2.135,4.506,-0.691
-0.273,-0.090,0.960
0.131,0.271,-0.507
15.786,-5.362,252.778
-----
36611
0.298,-1.732,1.304
-0.304,-0.043,0.939
0.130,0.268,-0.512
17.919,-2.595,252.654
-----
36729
-1.890,0.936,3.579
-0.325,-0.045,0.947
0.124,0.263,-0.507
18.940,-2.721,253.320
-----
36848
1.540,-2.450,3.098
-0.342,-0.031,0.945
0.122,0.265,-0.509
19.915,-1.890,253.913
-----
36965
5.889,-2.494,0.464
-0.313,-0.055,0.966
0.121,0.266,-0.506
17.938,-3.232,254.141
-----
37081
3.894,2.966,4.410
-0.325,-0.055,0.927
0.118,0.267,-0.506
19.265,-3.419,254.634
-----
37203
3.859,-3.378,7.499
-0.167,-0.116,0.951
0.124,0.271,-0.508
9.865,-6.982,254.049
-----
37320
4.559,4.856,-0.123
-0.158,-0.101,1.040
0.121,0.273,-0.505
8.587,-5.554,254.683
-----
37437
0.114,2.537,-2.021
-0.178,-0.068,1.007
0.120,0.269,-0.505
9.996,-3.866,254.510
-----
37552
1.383,6.659,-1.566
-0.178,-0.025,1.078
0.125,0.268,-0.508
9.373,-1.342,253.509
-----
37670
4.279,-1.768,-0.079
-0.298,-0.106,0.921
0.122,0.278,-0.504
17.811,-6.577,254.993
-----
37790
1.881,4.113,0.114
-0.121,-0.090,0.968
0.123,0.274,-0.507
7.122,-5.289,254.523
-----
37912
1.873,10.570,-0.087
-0.139,0.008,0.963
0.128,0.267,-0.510
8.237,0.465,252.998
-----
38027
-0.796,-0.814,6.571
-0.180,-0.042,0.963
0.128,0.267,-0.506
10.556,-2.521,253.021
-----
38147
0.779,1.461,8.680
-0.198,-0.033,0.974
0.127,0.268,-0.508
11.499,-1.919,253.202
-----
38265
-0.718,1.715,3.063
-0.193,-0.039,0.981
0.127,0.264,-0.512
11.121,-2.267,252.823
-----
38384
4.821,6.291,4.891
-0.119,-0.032,0.979
0.133,0.266,-0.510
6.905,-1.856,252.075
-----
38504
-0.683,0.910,2.852
-0.121,-0.020,1.002
0.127,0.265,-0.514
6.887,-1.169,252.870
-----
38621
2.651,-1.540,6.816
-0.071,-0.083,0.986
0.134,0.266,-0.510
4.091,-4.820,251.955
-----
38738
2.888,-1.505,2.389
0.044,-0.055,0.986
0.127,0.263,-0.509
-2.553,-3.197,252.813
-----
38858
4.637,-7.158,7.919
-0.091,0.014,1.032
0.125,0.269,-0.518
5.064,0.758,253.733
-----
38978
4.095,1.173,0.228
-0.127,-0.119,1.004
0.123,0.277,-0.512
7.179,-6.766,254.666
-----
39101
-6.720,4.725,6.011
-0.072,0.013,1.004
0.126,0.269,-0.505
4.091,0.735,253.451
-----
39217
3.946,-22.085,15.698
-0.225,-0.076,0.821
0.125,0.271,-0.510
15.268,-5.316,253.878
-----
39336
8.654,-12.154,4.191
0.047,-0.133,1.112
0.126,0.273,-0.509
-2.379,-6.820,253.803
-----
39455
6.274,-9.161,4.358
-0.134,-0.061,0.963
0.104,0.279,-0.506
7.906,-3.639,258.188
-----
39572
2.362,11.620,-4.681
0.058,-0.227,0.996
0.105,0.282,-0.507
-3.224,-12.830,258.077
-----
39710
3.570,-22.032,-3.054
-0.056,-0.154,1.037
0.096,0.279,-0.514
3.060,-8.450,259.620
-----
39827
-0.735,-13.283,-5.880
-0.342,-0.252,0.983
0.077,0.280,-0.504
18.650,-14.386,263.165
-----
39944
-3.456,-12.276,-8.339
-0.390,-0.131,0.916
0.062,0.267,-0.509
22.854,-8.130,265.480
-----
40059
-8.943,2.914,-5.434
-0.387,-0.078,0.902
0.049,0.263,-0.509
23.122,-4.932,268.058
-----
40178
-5.355,-9.004,-1.251
-0.282,0.018,0.933
0.047,0.255,-0.510
16.811,1.075,268.017
-----
40293
-0.647,-21.901,13.597
-0.219,0.057,1.031
0.042,0.252,-0.514
11.958,3.143,269.009
-----
40424
-2.362,-6.492,10.797
-0.306,-0.005,0.953
0.036,0.251,-0.513
17.813,-0.297,270.513
-----
40543
1.908,-12.670,9.109
-0.340,-0.122,0.974
0.029,0.255,-0.515
19.098,-7.163,272.185
-----
40671
1.654,12.644,5.136
-0.235,-0.007,0.933
0.028,0.253,-0.516
14.134,-0.404,272.257
-----
40792
3.483,5.329,1.102
-0.464,0.057,0.925
0.032,0.254,-0.514
26.606,3.547,271.296
-----
40913
12.547,13.239,1.697
-0.608,0.015,0.879
0.037,0.258,-0.514
34.690,0.994,270.389
-----
41035
8.689,13.090,-4.602
-0.332,-0.005,0.894
0.039,0.268,-0.515
20.372,-0.344,270.354
-----
41154
8.557,3.920,1.102
0.007,-0.172,1.026
0.048,0.276,-0.513
-0.386,-9.488,268.661
-----
41272
-5.696,9.546,2.467
-0.127,-0.086,1.006
0.052,0.277,-0.511
7.145,-4.861,267.985
-----
41394
-0.901,-2.328,7.866
-0.325,-0.073,0.943
0.050,0.270,-0.497
18.945,-4.443,268.118
-----
41516
-3.106,2.616,2.730
-0.361,-0.036,0.963
0.046,0.274,-0.500
20.536,-2.136,269.108
-----
41640
-6.834,-0.814,7.429
-0.448,-0.151,0.919
0.053,0.268,-0.507
25.662,-9.340,267.431
-----
41762
-8.418,7.332,18.996
-0.117,-0.041,0.982
0.055,0.260,-0.507
6.787,-2.379,266.553
-----
41884
-20.554,-2.362,17.806
-0.158,-0.017,1.004
0.059,0.254,-0.512
8.924,-0.961,265.565
-----
42003
3.176,-3.868,10.500
-0.095,0.108,0.902
0.057,0.234,-0.508
5.949,6.805,264.939
-----
42122
-0.053,-10.972,13.807
-0.482,0.040,0.997
0.043,0.239,-0.507
25.768,2.302,268.293
-----
42247
1.295,-10.789,-6.142
-0.596,0.098,0.986
0.037,0.238,-0.500
31.016,5.683,269.644
-----
42368
12.679,5.845,-3.509
-0.492,0.104,0.806
0.029,0.241,-0.495
31.197,7.345,271.729
-----
42486
15.837,12.801,-2.485
-0.079,-0.160,0.934
0.032,0.257,-0.496
4.746,-9.730,271.467
-----
42608
6.099,12.136,-12.950
-0.300,-0.179,0.983
0.028,0.261,-0.494
16.727,-10.305,272.435
-----
42726
-2.931,2.835,-4.602
-0.339,-0.126,1.024
0.043,0.261,-0.497
18.200,-7.020,269.213
-----
42848
-2.774,4.961,16.993
-0.429,-0.046,1.024
0.051,0.255,-0.503
22.682,-2.557,267.264
-----
42970
2.406,29.978,16.651
-0.234,-0.060,0.900
0.073,0.255,-0.495
14.571,-3.802,262.718
-----
43088
13.440,4.646,2.275
-0.080,-0.003,1.066
0.087,0.255,-0.508
4.283,-0.164,259.853
-----
43210
-3.124,7.350,0.621
-0.254,-0.057,0.825
0.087,0.263,-0.503
17.058,-3.923,260.347
-----
43328
3.544,6.440,-13.283
-0.274,0.114,1.061
0.093,0.255,-0.507
14.427,6.160,258.494
-----
43446
10.220,11.051,-12.845
-0.184,-0.006,1.058
0.090,0.255,-0.507
9.864,-0.347,259.142
-----
43569
12.749,-1.120,-6.309
-0.275,0.011,0.806
0.083,0.265,-0.513
18.812,0.781,261.112
-----
43691
9.012,-3.570,-7.665
-0.214,-0.145,0.860
0.075,0.273,-0.505
13.782,-9.543,263.253
-----
43812
15.155,6.370,-10.981
-0.005,-0.221,1.145
0.066,0.282,-0.502
0.222,-10.947,265.397
-----
43933
-6.344,13.361,-1.855
-0.210,-0.146,1.043
0.058,0.275,-0.504
11.276,-7.957,266.750
-----
44052
-2.590,-4.480,0.761
-0.516,-0.165,0.911
0.064,0.265,-0.507
29.131,-10.250,265.008
-----
44176
-12.092,13.685,12.163
-0.031,-0.054,1.070
0.070,0.260,-0.517
1.659,-2.897,263.539
-----
44295
-1.592,-7.289,9.091
-0.206,0.010,0.762
0.072,0.251,-0.515
15.170,0.734,262.647
-----
44417
-7.823,9.205,4.839
-0.048,0.049,1.051
0.073,0.244,-0.516
2.632,2.675,261.989
-----
44538
6.414,5.906,-4.358
-0.397,0.125,1.101
0.074,0.242,-0.510
19.713,6.453,261.556
-----
44659
11.830,-0.298,-6.440
-0.245,0.090,0.884
0.085,0.248,-0.507
15.437,5.812,259.594
-----
44782
4.716,-3.027,0.140
-0.131,-0.163,0.745
0.079,0.267,-0.504
9.748,-12.307,262.156
-----
44900
10.780,-6.536,-5.372
-0.191,-0.156,1.128
0.064,0.267,-0.499
9.518,-7.889,265.054
-----
45021
1.129,13.291,14.254
-0.341,-0.069,0.926
0.066,0.272,-0.499
20.149,-4.229,264.982
-----
45143
-6.948,14.507,19.574
-0.268,-0.057,1.023
0.082,0.267,-0.496
14.644,-3.205,261.564
-----
45260
-3.203,10.964,22.872
-0.276,-0.007,0.947
0.090,0.259,-0.502
16.257,-0.417,259.415
-----
45385
-1.181,-13.248,8.724
-0.116,-0.054,0.796
0.083,0.258,-0.495
8.256,-3.869,260.762
-----
45507
-2.669,-10.570,17.483
-0.170,0.064,1.144
0.079,0.261,-0.507
8.462,3.213,261.681
-----
45628
9.047,17.789,3.159
-0.440,0.047,1.037
0.069,0.280,-0.512
22.956,2.594,264.760
-----
45747
15.934,-7.814,-12.539
-0.125,0.037,0.868
0.077,0.303,-0.505
8.185,2.446,264.332
-----
45868
6.589,-3.561,-9.993
-0.195,-0.132,0.849
0.057,0.326,-0.508
12.776,-8.813,268.607
-----
45992
6.492,-9.774,1.942
-0.314,-0.227,1.148
0.065,0.329,-0.507
15.015,-11.176,267.359
-----
46114
-6.930,4.104,16.406
-0.431,-0.180,0.887
0.078,0.320,-0.497
25.485,-11.484,264.921
-----
46236
-5.740,-1.864,15.208
-0.361,-0.116,1.008
0.089,0.297,-0.505
19.581,-6.578,261.955
-----
46355
-8.680,-5.469,18.725
-0.268,0.030,0.864
0.083,0.269,-0.503
17.248,2.015,261.442
-----
46474
-9.564,25.769,7.376
-0.176,0.044,1.151
0.079,0.253,-0.494
8.678,2.188,261.215
-----
46595
2.371,9.870,-1.584
-0.604,0.151,0.975
0.077,0.245,-0.495
31.496,8.785,261.123
-----
46716
23.695,9.118,-14.035
-0.240,-0.083,0.986
0.090,0.258,-0.488
13.622,-4.834,259.440
-----
46838
16.188,-0.079,-12.530
-0.131,-0.138,0.791
0.084,0.275,-0.485
9.257,-9.914,261.662
-----
46957
1.041,-9.774,-10.290
-0.267,-0.180,1.026
0.075,0.278,-0.490
14.403,-9.952,263.469
-----
47075
-4.113,9.030,8.260
-0.341,-0.185,0.892
0.070,0.274,-0.491
20.523,-11.738,264.289
-----
47197
-11.882,3.885,9.852
-0.414,-0.143,0.993
0.076,0.275,-0.497
22.431,-8.210,263.133
-----
47323
-12.206,-1.085,13.930
-0.176,-0.007,0.847
0.089,0.259,-0.500
11.760,-0.446,259.580
-----
47444
-1.076,-2.572,16.048
-0.178,0.022,0.817
0.092,0.249,-0.514
12.301,1.509,258.427
-----
47566
4.690,-8.951,5.548
-0.419,0.111,1.099
0.089,0.255,-0.511
20.763,5.765,259.375
-----
47688
12.757,24.946,3.054
-0.181,0.005,0.966
0.098,0.260,-0.511
10.632,0.311,257.929
-----
47807
15.776,-7.324,-16.896
-0.208,-0.046,0.792
0.099,0.272,-0.499
14.720,-3.292,258.514
-----
47931
7.936,-0.446,-12.924
-0.216,-0.218,0.893
0.081,0.297,-0.497
13.208,-13.738,263.366
-----
48050
3.150,-7.744,-8.654
-0.378,-0.323,1.069
0.065,0.295,-0.499
18.691,-16.808,266.089
-----
48172
-7.770,13.624,9.021
-0.280,-0.189,1.039
0.064,0.288,-0.497
14.875,-10.295,266.039
-----
48293
-12.171,5.880,21.403
-0.294,-0.059,0.929
0.075,0.276,-0.495
17.518,-3.622,263.448
-----
48414
-5.679,-7.350,14.621
-0.208,0.053,0.821
0.077,0.267,-0.509
14.208,3.691,262.536
-----
48536
1.785,-1.173,13.545
-0.143,0.006,1.104
0.084,0.267,-0.505
7.370,0.326,261.144
-----
48654
14.210,14.341,6.213
-0.312,0.059,1.029
0.096,0.265,-0.504
16.819,3.307,258.653
-----
48776
22.540,6.449,-11.130
-0.321,-0.027,0.770
0.091,0.281,-0.494
22.642,-2.032,260.583
-----
48898
4.795,3.588,4.253
-0.165,-0.153,0.935
0.094,0.296,-0.494
9.906,-9.268,261.019
-----
49015
3.789,7.131,-12.574
-0.306,-0.125,1.027
0.092,0.297,-0.484
16.472,-6.926,261.443
-----
49140
1.960,10.754,1.846
-0.412,-0.231,0.917
0.089,0.290,-0.487
23.517,-14.117,261.549
-----
49262
-7.262,9.931,12.670
-0.215,-0.090,1.028
0.102,0.284,-0.490
11.764,-4.983,258.910
-----
49383
-4.358,-7.814,8.680
-0.293,0.030,0.908
0.104,0.267,-0.495
17.865,1.892,257.247
-----
49502
-3.264,1.592,8.829
-0.419,0.073,0.943
0.098,0.263,-0.491
23.901,4.430,258.114
-----
49623
5.722,27.956,-5.574
-0.220,0.041,1.107
0.100,0.264,-0.490
11.222,2.096,257.904
-----
49744
4.489,-16.266,-8.181
-0.316,-0.018,0.706
0.092,0.284,-0.481
24.094,-1.456,260.689
-----
49869
3.010,0.446,-12.233
-0.192,-0.160,1.013
0.081,0.296,-0.477
10.609,-8.962,263.249
-----
49991
4.235,-12.845,-11.559
-0.207,-0.192,1.069
0.070,0.305,-0.486
10.794,-10.162,265.720
-----
50110
-8.785,16.975,4.366
-0.330,-0.114,0.896
0.067,0.308,-0.494
20.064,-7.224,266.272
-----
50229
-5.311,8.986,21.534
-0.304,-0.045,1.026
0.085,0.303,-0.500
16.474,-2.506,262.947
-----
50350
-4.287,0.070,19.548
-0.136,-0.054,0.877
0.096,0.301,-0.500
8.812,-3.545,260.900
-----
50475
4.104,16.984,13.790
-0.060,0.086,0.991
0.102,0.294,-0.497
3.450,4.939,259.386
-----
50596
8.243,9.879,2.931
-0.274,0.043,1.078
0.113,0.296,-0.500
14.269,2.279,257.704
-----
50717
15.759,-1.487,-7.227
-0.141,-0.081,0.727
0.107,0.302,-0.496
10.938,-6.369,259.125
-----
50836
7.577,-6.781,-13.632
-0.131,-0.232,1.033
0.090,0.309,-0.493
7.047,-12.664,262.395
-----
50955
-0.236,-0.114,-4.051
-0.355,-0.220,1.176
0.075,0.311,-0.491
16.509,-10.601,264.994
-----
51080
-12.486,1.671,-1.785
-0.316,-0.181,0.874
0.079,0.309,-0.493
19.485,-11.675,264.281
-----
51201
-16.371,19.836,3.500
-0.109,-0.044,0.902
0.092,0.299,-0.500
6.889,-2.776,261.402
-----
51319
-12.714,-9.993,24.089
-0.292,-0.007,0.854
0.104,0.279,-0.505
18.869,-0.495,258.213
-----
51441
11.261,17.815,-0.735
-0.282,0.084,1.028
0.120,0.267,-0.503
15.283,4.653,254.331
-----
51560
3.789,-8.549,11.506
-0.331,0.133,0.952
0.137,0.254,-0.498
18.983,7.958,250.349
-----
51682
14.507,7.324,1.173
-0.077,-0.039,0.926
0.133,0.244,-0.494
4.740,-2.440,250.016
-----
51803
18.891,-1.286,-9.354
-0.157,-0.175,0.932
0.117,0.251,-0.479
9.379,-10.645,253.467
-----
51921
6.265,-5.836,-4.988
-0.169,-0.112,0.917
0.111,0.258,-0.481
10.380,-6.951,255.374
-----
52043
0.131,-5.320,9.188
-0.351,-0.118,0.972
0.105,0.270,-0.484
19.714,-6.914,257.431
-----
52165
-1.925,-0.149,5.512
-0.308,-0.130,0.989
0.105,0.278,-0.480
17.148,-7.505,257.958
-----
52287
-3.535,5.635,1.173
-0.288,0.032,0.939
0.104,0.282,-0.483
17.024,1.939,258.289
-----
52406
-0.683,8.943,8.680
-0.209,-0.036,0.988
0.112,0.284,-0.477
11.965,-2.087,257.023
-----
52528
4.165,0.061,4.331
-0.284,-0.074,0.933
0.113,0.286,-0.469
16.877,-4.502,256.973
-----
52649
2.231,4.690,6.055
-0.209,-0.041,1.058
0.105,0.284,-0.467
11.180,-2.245,258.228
-----
52771
7.298,13.501,7.997
-0.168,-0.103,1.036
0.115,0.298,-0.467
9.151,-5.661,257.533
-----
52892
1.514,11.104,7.096
-0.189,0.008,1.034
0.121,0.302,-0.469
10.345,0.466,256.682
-----
53033
2.275,11.498,3.141
-0.402,-0.079,0.980
0.120,0.303,-0.475
22.234,-4.628,256.934
-----
53155
3.001,0.892,-1.173
-0.341,-0.070,0.961
0.123,0.298,-0.476
19.501,-4.193,256.219
-----
53276
2.730,-8.444,-0.403
-0.304,-0.077,0.942
0.132,0.285,-0.477
17.845,-4.664,253.775
-----
53395
-0.403,-0.822,1.085
-0.456,-0.058,0.952
0.116,0.274,-0.484
25.566,-3.483,255.703
-----
53513
-2.678,-2.616,-0.228
-0.479,-0.038,0.921
0.114,0.271,-0.480
27.486,-2.349,255.750
-----
53639
-1.173,-5.539,2.179
-0.516,-0.044,0.884
0.108,0.264,-0.483
30.265,-2.856,256.350
-----
53760
0.376,11.637,2.975
-0.373,-0.079,0.895
0.106,0.263,-0.480
22.574,-5.047,256.568
-----
53881
2.118,-7.455,-2.266
-0.391,-0.073,0.952
0.113,0.266,-0.492
22.275,-4.382,255.582
-----
54002
-1.549,-3.281,-8.557
-0.571,-0.008,0.859
0.090,0.262,-0.484
33.588,-0.545,259.615
-----
54121
2.826,16.791,-5.661
-0.374,-0.062,0.912
0.096,0.269,-0.489
22.253,-3.870,258.926
-----
54246
0.009,6.352,4.008
-0.448,-0.044,0.920
0.089,0.268,-0.497
25.931,-2.746,260.226
-----
54374
-0.455,0.980,8.759
-0.322,-0.051,0.940
0.096,0.274,-0.494
18.869,-3.093,259.324
-----
54492
1.391,6.921,11.445
-0.206,-0.027,1.073
0.105,0.271,-0.496
10.862,-1.426,257.404
-----
54612
-0.639,1.155,16.196
-0.525,-0.052,0.853
0.099,0.276,-0.497
31.565,-3.463,258.897
-----
54731
5.486,3.544,5.574
-0.307,-0.048,0.983
0.108,0.278,-0.498
17.317,-2.767,257.394
-----
54857
-2.870,0.026,9.852
-0.407,-0.047,0.915
0.112,0.276,-0.495
23.971,-2.966,256.383
-----
54979
-2.783,6.449,4.646
-0.259,-0.048,0.957
0.112,0.271,-0.500
15.123,-2.882,256.149
-----
55101
-3.868,-2.476,3.273
-0.332,-0.006,0.939
0.116,0.269,-0.503
19.470,-0.368,255.184
-----
55222
-0.385,9.511,-0.674
-0.253,-0.045,0.981
0.113,0.264,-0.502
14.450,-2.603,255.524
-----
55344
6.528,0.219,-5.985
-0.236,-0.071,0.897
0.119,0.258,-0.498
14.707,-4.510,253.898
-----
55469
6.011,-0.333,-6.860
0.033,-0.088,1.151
0.099,0.268,-0.502
-1.631,-4.365,258.297
-----
55590
-7.648,-9.642,9.319
-0.349,0.091,0.963
0.070,0.266,-0.496
19.844,5.427,263.773
-----
55712
1.566,8.969,-0.726
-0.071,-0.021,0.997
0.082,0.260,-0.506
4.092,-1.195,261.122
-----
55833
2.196,-4.471,3.561
-0.240,-0.033,0.944
0.079,0.260,-0.502
14.258,-1.977,261.722
-----
55952
-1.470,-0.647,-1.881
-0.184,-0.012,1.035
0.079,0.261,-0.505
10.083,-0.652,261.776
-----
56071
2.415,-0.866,6.501
-0.120,0.024,0.977
0.077,0.258,-0.502
6.976,1.420,262.041
-----
56196
3.264,-10.001,-7.149
-0.171,-0.006,0.994
0.065,0.261,-0.501
9.735,-0.338,264.631
-----
56316
0.385,-5.014,6.125
-0.207,0.088,0.979
0.056,0.263,-0.498
11.919,5.140,266.533
-----
56438
2.888,-2.721,-3.281
-0.253,0.094,0.999
0.052,0.267,-0.505
14.142,5.387,267.617
-----
56559
8.461,11.953,0.175
-0.180,0.004,1.005
0.049,0.270,-0.493
10.148,0.219,268.304
-----
56678
8.811,12.714,-3.736
-0.096,0.027,0.986
0.059,0.276,-0.497
5.540,1.556,266.517
-----
56802
10.255,1.724,-0.901
-0.028,-0.070,1.104
0.066,0.286,-0.492
1.453,-3.633,265.651
-----
56924
14.403,13.352,8.033
-0.206,-0.281,0.902
0.057,0.292,-0.489
12.325,-17.308,267.598
-----
57046
-4.218,6.186,13.020
-0.080,-0.161,1.090
0.074,0.296,-0.499
4.168,-8.422,264.518
-----
57164
1.584,8.899,8.873
-0.138,-0.059,0.923
0.084,0.296,-0.499
8.464,-3.676,262.678
-----
57285
1.190,2.537,8.549
-0.212,-0.083,1.033
0.092,0.294,-0.503
11.544,-4.577,261.109
-----
57407
4.839,17.159,0.087
-0.192,-0.112,0.948
0.107,0.292,-0.499
11.364,-6.770,258.423
-----
57528
-10.929,3.150,6.335
-0.136,-0.180,0.969
0.118,0.291,-0.501
7.881,-10.551,256.504
-----
57650
-4.524,2.284,17.413
-0.117,-0.016,0.870
0.120,0.277,-0.502
7.673,-1.069,255.196
-----
57772
-11.786,-11.996,10.990
0.047,-0.016,1.062
0.116,0.263,-0.505
-2.508,-0.839,254.802
-----
57889
9.389,-17.202,1.759
-0.054,-0.072,1.040
0.101,0.262,-0.506
2.945,-3.937,257.395
-----
58015
-3.798,-7.892,1.960
-0.226,0.080,0.954
0.079,0.258,-0.501
13.262,4.805,261.508
-----
58136
9.669,-1.496,-0.096
-0.171,0.071,1.013
0.075,0.257,-0.504
9.564,3.984,262.388
-----
58254
0.796,-3.176,-1.523
-0.390,-0.007,1.031
0.072,0.263,-0.507
20.709,-0.383,263.389
-----
58373
15.181,31.290,-16.538
-0.414,0.125,0.985
0.077,0.258,-0.508
22.620,7.232,262.049
-----
58493
12.005,12.819,3.176
-0.371,-0.008,0.798
0.081,0.265,-0.506
24.952,-0.600,261.535
-----
58615
17.474,20.230,-11.384
0.046,-0.185,0.987
0.096,0.280,-0.499
-2.608,-10.613,259.708
-----
58738
5.827,9.424,1.479
-0.064,-0.270,1.108
0.096,0.281,-0.495
3.221,-13.718,259.769
-----
58856
-8.111,-11.209,0.691
-0.277,-0.293,0.909
0.088,0.276,-0.502
16.142,-17.886,260.802
-----
58974
-10.570,19.968,10.876
-0.093,-0.103,0.961
0.094,0.266,-0.502
5.520,-6.113,259.148
-----
59096
-7.980,-8.120,16.398
-0.597,-0.022,0.937
0.088,0.260,-0.505
32.514,-1.346,259.988
-----
59217
1.155,-15.155,30.739
-0.266,-0.160,0.914
0.098,0.258,-0.501
15.991,-9.912,257.803
-----
59339
-10.439,-21.350,4.716
-0.216,-0.033,1.121
0.080,0.260,-0.512
10.892,-1.704,261.393
-----
59460
0.910,12.145,10.990
-0.084,0.191,0.808
0.072,0.253,-0.501
5.803,13.305,262.765
-----
59579
0.989,10.972,-2.485
-0.168,0.060,1.078
0.080,0.250,-0.506
8.830,3.210,260.811
-----
59698
14.131,10.264,-3.955
-0.432,-0.029,1.056
0.081,0.261,-0.507
22.239,-1.558,261.277
-----
59820
8.750,22.916,-9.835
-0.245,-0.020,1.027
0.089,0.273,-0.498
13.433,-1.099,260.570
-----
59943
11.830,15.943,-12.023
-0.097,-0.077,0.818
0.080,0.280,-0.498
6.763,-5.378,262.646
-----
60065
2.039,-2.747,7.639
-0.153,-0.182,1.014
0.070,0.281,-0.494
8.424,-10.167,264.577
-----
60186
-2.660,-13.379,-5.950
-0.348,-0.166,1.028
0.065,0.279,-0.496
18.459,-9.153,265.535
-----
60305
1.960,16.476,12.714
-0.219,-0.057,1.039
0.079,0.278,-0.494
11.902,-3.133,262.768
-----
60424
-0.087,3.115,15.347
-0.281,-0.125,0.940
0.090,0.275,-0.499
16.512,-7.554,260.478
-----
60549
-4.480,-0.971,13.186
-0.160,-0.006,1.024
0.101,0.271,-0.497
8.866,-0.321,258.180
-----
60669
-3.850,-4.480,9.642
-0.121,-0.117,0.847
0.093,0.276,-0.499
8.072,-7.844,259.962
-----
60791
0.709,1.269,4.113
-0.265,-0.001,1.030
0.095,0.267,-0.510
14.429,-0.037,258.928
-----
60912
-2.599,12.889,1.173
-0.316,0.015,1.080
0.100,0.267,-0.506
16.319,0.783,257.955
-----
61031
9.354,10.063,-6.405
-0.174,0.053,0.926
0.117,0.265,-0.499
10.637,3.297,254.851
-----
61156
7.569,-8.479,-11.655
-0.259,-0.087,0.800
0.103,0.282,-0.497
17.816,-6.202,258.508
-----
61278
8.759,14.927,-10.185
-0.081,-0.174,1.032
0.099,0.279,-0.493
4.434,-9.584,259.152
-----
61400
2.747,-11.252,8.671
-0.350,-0.239,0.892
0.092,0.287,-0.489
20.767,-14.997,260.827
-----
61520
-8.041,4.323,11.148
-0.198,-0.087,1.126
0.100,0.282,-0.494
9.959,-4.431,259.002
-----
61642
-8.759,5.854,11.585
-0.165,-0.092,1.003
0.100,0.274,-0.490
9.286,-5.259,258.555
-----
61767
0.621,-3.973,12.985
0.032,-0.011,0.842
0.098,0.268,-0.496
-2.153,-0.780,258.441
-----
61886
0.656,-8.155,7.814
-0.056,0.127,1.036
0.096,0.267,-0.492
3.097,7.008,258.740
-----
62004
6.090,-0.849,-5.206
-0.437,0.082,1.138
0.094,0.261,-0.497
20.964,4.106,258.893
-----
62126
14.324,0.394,-10.106
-0.341,-0.061,0.837
0.092,0.270,-0.490
22.142,-4.148,259.754
-----
62246
2.835,7.096,-28.910
-0.119,-0.261,0.872
0.081,0.273,-0.482
7.419,-16.668,261.970
-----
62368
-1.024,-0.551,-6.965
-0.206,-0.189,0.998
0.081,0.265,-0.483
11.467,-10.739,261.637
-----
62494
-6.983,12.539,-8.321
-0.394,-0.146,0.896
0.077,0.253,-0.484
23.460,-9.226,261.765
-----
62615
-1.374,6.081,25.935
-0.260,0.034,0.985
0.087,0.248,-0.488
14.773,1.969,259.150
-----
62734
11.856,7.866,14.193
-0.139,-0.173,1.008
0.095,0.261,-0.491
7.745,-9.708,258.602
-----
62856
3.876,2.275,15.435
-0.116,-0.081,0.887
0.086,0.255,-0.496
7.433,-5.207,259.853
-----
62978
4.235,14.586,9.896
-0.097,0.031,1.117
0.095,0.262,-0.490
4.953,1.576,258.698
-----
63102
5.477,7.875,12.696
-0.399,0.027,1.071
0.094,0.266,-0.497
20.437,1.429,259.083
-----
63224
14.989,-2.406,-1.942
-0.193,0.055,0.852
0.098,0.276,-0.501
12.728,3.664,258.950
-----
63346
11.760,-6.204,-12.023
-0.102,-0.206,0.894
0.087,0.290,-0.482
6.353,-13.007,261.820
-----
63464
8.960,-20.659,8.365
-0.359,-0.212,0.968
0.067,0.294,-0.484
19.904,-12.349,265.717
-----
63582
-5.390,-9.922,1.339
-0.442,-0.240,1.019
0.056,0.296,-0.483
22.886,-13.255,267.824
-----
63705
-11.506,-5.259,19.521
-0.422,-0.137,0.906
0.050,0.290,-0.481
24.711,-8.614,268.719
-----
63825
-14.578,-1.540,5.731
-0.191,0.003,1.009
0.053,0.281,-0.487
10.692,0.173,267.914
-----
63947
-8.094,8.619,12.705
-0.126,0.038,0.788
0.046,0.272,-0.498
9.055,2.730,269.075
-----
64068
6.309,-2.975,-13.790
-0.280,0.044,1.165
0.041,0.266,-0.509
13.509,2.142,269.745
-----
64187
14.516,18.174,-3.675
-0.488,0.096,0.997
0.036,0.270,-0.497
25.966,5.495,271.020
-----
64308
17.780,20.134,-11.620
-0.272,-0.188,0.747
0.040,0.285,-0.498
19.416,-14.131,270.568
-----
64427
-1.759,11.813,4.716
0.004,-0.249,1.047
0.053,0.288,-0.493
-0.237,-13.365,268.065
-----
64545
-3.194,-2.651,-7.840
-0.417,-0.223,0.936
0.048,0.282,-0.497
23.466,-13.390,268.873
-----
64667
-8.610,29.181,8.015
-0.308,-0.092,1.066
0.060,0.271,-0.499
16.054,-4.936,266.211
-----
64786
-4.865,9.056,5.705
-0.482,0.019,0.717
0.081,0.265,-0.504
33.881,1.550,261.556
-----
64908
9.774,0.805,10.666
-0.183,-0.107,0.969
0.088,0.262,-0.506
10.641,-6.300,259.989
-----
65026
-1.278,5.959,4.935
-0.526,0.037,1.240
0.087,0.257,-0.511
22.952,1.718,259.949
-----
65144
2.546,9.100,13.580
-0.331,0.020,1.255
0.091,0.260,-0.510
14.780,0.908,259.214
-----
65266
13.309,11.113,-2.319
-0.221,0.033,0.793
0.102,0.265,-0.504
15.548,2.384,257.465
-----
65385
9.135,5.810,-2.888
0.088,-0.199,0.898
0.100,0.285,-0.496
-5.495,-12.510,259.321
-----
65506
6.781,-17.771,-4.419
-0.484,-0.192,0.871
0.075,0.280,-0.499
28.454,-12.424,263.679
-----
65629
-5.023,-17.325,0.962
-0.394,-0.215,0.935
0.067,0.284,-0.501
22.314,-12.927,265.311
-----
65751
-9.284,12.373,25.471
-0.531,-0.119,0.927
0.062,0.272,-0.497
29.628,-7.323,265.730
-----
65868
-16.188,21.577,6.624
-0.219,0.027,0.837
0.085,0.261,-0.505
14.677,1.840,260.460
-----
65990
4.874,3.596,7.910
-0.152,0.026,1.108
0.097,0.247,-0.507
7.822,1.328,257.138
-----
66109
10.054,16.450,0.858
-0.382,0.054,1.132
0.098,0.257,-0.505
18.606,2.711,257.639
-----
66246
11.051,5.950,-13.300
-0.224,-0.070,0.866
0.096,0.263,-0.504
14.483,-4.614,258.533
-----
66365
1.444,-0.009,-49.403
-0.178,-0.152,0.871
0.091,0.267,-0.497
11.364,-9.891,259.831
-----
66483
3.955,0.096,-4.568
-0.269,-0.106,1.012
0.065,0.261,-0.499
14.810,-5.986,264.681
-----
66601
7.061,1.855,35.280
-0.374,-0.149,0.972
0.079,0.269,-0.489
20.838,-8.713,262.261
-----
66723
-3.132,9.660,12.801
-0.412,-0.162,0.993
0.089,0.268,-0.493
22.290,-9.244,260.163
-----
66846
-16.205,10.220,0.735
0.007,0.028,0.960
0.097,0.255,-0.496
-0.429,1.681,257.707
-----
66964
-7.989,-1.995,22.549
-0.129,0.082,0.875
0.102,0.247,-0.504
8.370,5.360,256.216
-----
67082
10.115,-0.735,7.096
-0.413,0.053,1.109
0.106,0.245,-0.491
20.393,2.759,255.149
-----
67201
13.177,-8.724,-6.948
-0.211,0.058,0.977
0.097,0.248,-0.490
12.175,3.384,257.270
-----
67319
11.191,1.636,-14.840
-0.101,-0.082,0.815
0.071,0.265,-0.487
7.052,-5.771,263.515
-----
67441
6.247,-10.946,0.805
-0.161,-0.210,1.137
0.063,0.271,-0.480
7.904,-10.472,265.542
-----
67560
-5.696,1.540,7.901
-0.442,-0.192,0.996
0.058,0.270,-0.473
23.545,-10.931,266.461
-----
67678
-6.195,21.726,23.004
-0.311,-0.117,0.953
0.065,0.271,-0.487
17.932,-6.980,265.165
-----
67800
-11.585,2.783,12.915
-0.044,-0.057,0.893
0.078,0.274,-0.502
2.819,-3.648,262.739
-----
67918
-11.541,7.945,14.919
-0.121,0.027,0.849
0.082,0.273,-0.510
8.133,1.849,261.784
-----
68040
11.007,-7.551,-12.705
-0.343,-0.016,1.071
0.095,0.279,-0.516
17.768,-0.845,259.835
-----
68171
11.646,-6.396,0.586
-0.368,0.062,0.872
0.091,0.284,-0.517
22.837,4.055,260.851
-----
68292
7.262,-5.075,2.765
0.020,-0.101,0.978
0.091,0.294,-0.500
-1.180,-5.873,261.324
-----
68411
8.076,6.282,-10.544
-0.112,-0.081,0.906
0.076,0.302,-0.498
7.026,-5.089,264.406
-----
68529
3.920,-5.994,0.998
-0.456,-0.280,0.984
0.076,0.309,-0.485
24.015,-15.867,264.721
-----
68651
-7.298,16.949,4.918
-0.220,-0.064,0.886
0.081,0.309,-0.499
13.883,-4.101,263.812
-----
68775
-4.568,-28.385,13.195
-0.186,0.045,0.937
0.079,0.297,-0.502
11.227,2.724,263.765
-----
68897
-6.659,-16.459,15.006
-0.512,0.101,0.805
0.064,0.287,-0.504
32.250,7.152,265.998
-----
69018
-3.106,-13.099,11.034
-0.317,0.046,0.968
0.085,0.291,-0.508
18.096,2.703,262.235
-----
69137
9.109,5.364,-14.245
-0.473,-0.063,0.573
0.074,0.282,-0.505
39.373,-6.315,263.909
-----
69258
4.463,12.801,0.718
-0.257,-0.097,1.018
0.073,0.279,-0.510
14.087,-5.438,263.917
-----
69380
-1.671,-49.805,-1.855
-0.081,-0.255,0.712
0.095,0.283,-0.502
6.102,-19.681,260.017
-----
69500
-1.496,12.267,5.688
-0.590,-0.068,0.569
0.080,0.269,-0.503
45.846,-6.814,262.100
-----
69622
5.049,3.412,-12.381
-0.108,-0.063,1.202
0.095,0.262,-0.506
5.119,-3.012,258.580
-----
69743
-3.885,-13.615,6.851
-0.458,0.037,0.729
0.079,0.260,-0.506
32.098,2.887,261.575
-----
69862
5.198,9.826,12.145
-0.114,0.026,0.948
0.093,0.263,-0.504
6.841,1.569,259.025
-----
69983
0.613,-8.164,16.958
-0.326,0.020,1.109
0.099,0.266,-0.502
16.397,1.049,258.150
-----
70102
4.918,1.067,-5.504
-0.325,-0.086,0.743
0.087,0.268,-0.505
23.512,-6.616,260.686
-----
70220
0.254,-5.968,-8.068
-0.256,-0.090,0.960
0.092,0.262,-0.507
14.858,-5.328,259.241
-----
70341
5.968,-4.191,-4.191
-0.269,-0.274,1.001
0.081,0.265,-0.500
14.537,-15.330,261.537
-----
70460
-8.531,20.659,-4.016
-0.265,-0.033,0.971
0.083,0.255,-0.507
15.247,-1.975,260.514
-----
70582
6.659,-2.188,9.450
-0.301,-0.099,0.994
0.092,0.257,-0.507
16.760,-5.698,258.871
-----
70700
-0.735,28.403,11.025
0.023,-0.033,1.045
0.099,0.257,-0.506
-1.250,-1.786,257.515
-----
70818
2.336,0.866,4.541
-0.325,0.028,1.047
0.093,0.255,-0.504
17.253,1.508,258.660
-----
70939
12.311,21.472,-2.818
-0.054,-0.095,1.096
0.103,0.262,-0.502
2.822,-4.944,257.107
-----
71058
6.633,6.799,-5.819
-0.420,-0.018,0.914
0.102,0.267,-0.499
24.695,-1.151,257.603
-----
71176
10.946,1.418,-5.889
-0.103,-0.090,0.973
0.105,0.276,-0.496
5.997,-5.304,257.741
-----
71298
2.896,7.665,-4.716
-0.054,-0.097,1.033
0.099,0.291,-0.488
2.969,-5.391,259.750
-----
71416
0.919,-6.169,7.341
-0.289,-0.071,0.965
0.085,0.298,-0.490
16.616,-4.215,262.734
-----
71538
3.509,0.499,5.049
-0.036,-0.168,1.152
0.093,0.317,-0.489
1.758,-8.292,262.274
-----
71656
-9.004,4.148,4.174
-0.101,0.017,0.941
0.092,0.311,-0.498
6.146,1.058,262.061
-----
71774
4.401,2.721,8.636
-0.489,-0.118,0.813
0.092,0.315,-0.489
30.726,-8.261,262.339
-----
71900
5.696,33.364,7.193
-0.311,-0.079,1.332
0.102,0.307,-0.487
13.120,-3.396,260.129
-----
72020
1.654,-31.430,-1.067
-0.433,-0.076,0.785
0.108,0.314,-0.486
28.785,-5.530,259.664
-----
72142
10.255,24.360,-0.140
-0.166,-0.045,0.918
0.111,0.318,-0.496
10.239,-2.780,259.302
-----
72263
9.616,-19.801,0.735
-0.297,-0.139,0.960
0.117,0.327,-0.486
17.004,-8.213,258.932
-----
72382
13.930,6.081,-5.110
-0.451,-0.049,0.891
0.111,0.320,-0.485
26.818,-3.163,259.449
-----
72507
-0.831,0.350,-2.520
-0.366,-0.111,0.982
0.113,0.316,-0.484
20.312,-6.435,258.981
-----
72626
-0.630,2.004,-7.543
-0.340,-0.168,0.939
0.105,0.309,-0.479
19.603,-10.159,259.740
-----
72747
-3.666,7.586,-1.995
-0.519,-0.038,0.791
0.095,0.304,-0.478
33.255,-2.786,261.292
-----
72864
-4.646,-7.438,-1.881
-0.463,-0.102,0.934
0.094,0.296,-0.479
26.236,-6.249,261.003
-----
72983
0.866,-2.520,6.781
-0.595,-0.103,0.906
0.082,0.295,-0.480
33.109,-6.504,263.052
-----
73105
-3.132,4.874,10.850
-0.352,-0.055,0.954
0.089,0.295,-0.485
20.214,-3.323,261.761
-----
73224
1.636,-3.115,7.403
-0.413,-0.123,0.923
0.088,0.293,-0.493
23.912,-7.601,261.830
-----
73345
0.971,0.744,6.073
-0.339,-0.068,0.899
0.090,0.292,-0.494
20.602,-4.314,261.406
-----
73463
5.924,-7.061,3.421
-0.475,-0.162,0.956
0.079,0.294,-0.485
26.094,-9.613,263.457
-----
73584
-0.245,1.636,-5.784
-0.476,-0.102,0.889
0.079,0.296,-0.488
28.046,-6.517,263.704
-----
73707
2.205,-2.354,-3.876
-0.493,-0.111,0.881
0.067,0.295,-0.484
29.027,-7.194,265.798
-----
73824
4.734,-1.295,-1.067
-0.475,-0.111,0.883
0.058,0.295,-0.487
28.078,-7.166,267.464
-----
73946
0.543,-2.065,0.157
-0.440,-0.112,0.912
0.053,0.295,-0.482
25.601,-7.022,268.316
-----
74064
4.323,-0.954,2.809
-0.460,-0.106,0.912
0.054,0.292,-0.486
26.623,-6.639,268.033
-----
74186
-3.474,-0.691,1.041
-0.487,-0.111,0.927
0.053,0.292,-0.487
27.558,-6.852,268.292
-----
74308
0.018,3.946,0.884
-0.470,-0.137,0.904
0.052,0.289,-0.495
27.214,-8.639,268.314
-----
74430
-1.811,-1.610,-1.216
-0.523,-0.168,0.857
0.047,0.297,-0.495
30.924,-11.089,269.653
-----
74548
-4.707,10.535,9.896
-0.246,-0.151,0.994
0.048,0.292,-0.496
13.768,-8.659,269.260
-----
74670
-15.400,24.736,1.207
-0.052,-0.037,0.983
0.060,0.273,-0.506
3.007,-2.133,266.223
-----
74791
7.787,-6.396,-2.695
0.017,-0.022,0.573
0.073,0.268,-0.503
-1.732,-2.178,263.289
-----
74913
3.929,32.987,14.026
-0.280,0.077,0.877
0.064,0.260,-0.504
17.622,4.991,264.769
-----
75039
-9.695,-16.310,9.161
-0.234,0.114,1.041
0.078,0.258,-0.509
12.601,6.223,261.801
-----
75157
3.885,-7.166,26.871
-0.226,0.018,0.970
0.072,0.256,-0.505
13.123,1.048,262.880
-----
75275
-8.899,-41.379,23.642
-0.416,0.014,0.892
0.053,0.255,-0.506
24.980,0.921,266.842
-----
75397
6.396,0.665,3.351
-0.474,-0.047,0.961
0.037,0.257,-0.501
26.251,-2.799,270.476
-----
75518
-2.188,10.238,15.479
-0.312,0.005,0.947
0.045,0.254,-0.504
18.212,0.314,268.632
-----
75643
2.459,9.905,12.145
-0.272,-0.058,0.958
0.060,0.259,-0.504
15.832,-3.470,265.466
-----
75765
3.832,9.231,1.925
-0.338,-0.078,0.948
0.062,0.259,-0.503
19.576,-4.729,265.122
-----
75887
3.553,5.338,-0.744
-0.330,-0.099,0.977
0.072,0.261,-0.503
18.569,-5.766,263.205
-----
76006
1.969,1.374,-1.584
-0.321,-0.059,0.960
0.067,0.260,-0.502
18.476,-3.530,264.094
-----
76125
2.293,7.385,-13.195
-0.229,-0.033,0.981
0.065,0.261,-0.503
13.125,-1.941,264.703
-----
76250
-4.077,-15.488,-0.385
-0.330,0.030,0.912
0.050,0.257,-0.494
19.854,1.881,267.631
-----
76370
6.912,-18.462,7.928
-0.340,-0.043,0.922
0.028,0.258,-0.502
20.216,-2.657,272.359
-----
76492
4.384,-15.339,8.977
-0.528,-0.087,0.909
0.011,0.269,-0.493
30.054,-5.471,276.316
-----
76613
3.395,17.194,-11.340
-0.440,-0.009,0.938
0.008,0.263,-0.491
25.115,-0.570,276.869
-----
76732
0.621,22.785,-5.372
-0.354,-0.050,0.903
0.023,0.262,-0.498
21.356,-3.186,273.659
-----
76856
9.756,8.802,13.606
-0.345,-0.039,0.946
0.030,0.267,-0.495
20.038,-2.349,272.151
-----
76978
11.016,3.955,-2.555
-0.334,-0.139,0.945
0.035,0.273,-0.495
19.270,-8.376,271.274
-----
77099
4.060,12.644,1.558
-0.251,-0.085,0.984
0.042,0.275,-0.493
14.246,-4.920,269.981
-----
77220
-3.045,2.669,1.890
-0.257,-0.115,0.925
0.043,0.272,-0.494
15.442,-7.105,269.577
-----
77342
2.826,11.323,9.109
-0.324,-0.005,0.960
0.049,0.281,-0.496
18.657,-0.328,268.623
-----
77464
6.764,4.813,7.166
-0.259,-0.077,0.951
0.053,0.280,-0.496
15.171,-4.622,267.915
-----
77586
-0.919,5.241,5.530
-0.310,-0.102,0.961
0.053,0.283,-0.493
17.782,-6.081,267.921
-----
77707
-2.625,-1.881,-0.123
-0.312,-0.052,0.954
0.051,0.277,-0.501
18.102,-3.139,268.058
-----
77829
-1.768,2.774,-3.404
-0.313,-0.054,0.966
0.052,0.276,-0.505
17.895,-3.211,267.859
-----
77949
-0.735,4.673,9.677
-0.290,-0.084,0.963
0.052,0.273,-0.501
16.697,-4.968,267.831
-----
78071
-0.525,-0.945,5.758
-0.337,-0.100,0.943
0.048,0.273,-0.496
19.547,-6.058,268.575
-----
78196
1.558,1.242,1.383
-0.312,-0.133,0.956
0.054,0.272,-0.497
17.909,-7.945,267.276
-----
78318
-2.791,2.021,4.244
-0.317,-0.059,0.965
0.045,0.268,-0.494
18.162,-3.489,268.977
-----
