527
-1.225,30.083,-3.080
-0.430,-0.070,0.898
0.000,0.000,0.000
25.536,-4.433,8.580
-----
669
-3.001,3.316,6.352
-0.427,-0.089,0.901
-0.103,-0.094,-0.443
25.243,-5.625,51.016
-----
785
-2.713,3.395,9.835
-0.385,-0.063,0.875
-0.100,-0.097,-0.443
23.696,-4.087,52.564
-----
902
-7.761,7.586,-2.546
-0.442,-0.052,0.912
-0.099,-0.103,-0.444
25.827,-3.256,54.767
-----
1020
-11.043,22.269,-4.725
-0.304,0.025,0.896
-0.085,-0.118,-0.433
18.735,1.575,62.914
-----
1139
-0.954,24.150,7.088
-0.329,0.042,0.953
-0.063,-0.123,-0.450
19.058,2.530,71.262
-----
1259
8.435,46.541,10.307
-0.233,-0.065,0.920
-0.039,-0.112,-0.473
14.186,-4.056,79.331
-----
1378
6.221,26.014,18.778
-0.112,-0.079,0.936
-0.011,-0.104,-0.484
6.809,-4.805,92.367
-----
1498
4.270,-0.035,4.182
-0.312,-0.241,0.978
-0.006,-0.101,-0.481
17.218,-13.848,95.418
-----
1616
-17.211,-1.199,5.311
-0.233,-0.174,0.912
-0.014,-0.102,-0.484
14.115,-10.819,90.692
-----
1735
1.794,1.724,-4.156
-0.196,-0.022,0.897
-0.016,-0.120,-0.487
12.341,-1.375,90.779
-----
1855
-0.376,18.480,-1.383
-0.021,-0.090,0.933
-0.000,-0.119,-0.478
1.287,-5.529,98.378
-----
1972
0.394,-3.605,-2.047
-0.122,-0.042,1.013
0.003,-0.130,-0.479
6.860,-2.359,99.750
-----
2089
-5.171,5.338,-0.980
0.005,-0.091,1.020
0.009,-0.131,-0.479
-0.276,-5.076,102.683
-----
2209
-4.401,-6.326,1.269
-0.234,0.051,0.958
-0.005,-0.139,-0.472
13.714,3.064,96.395
-----
2329
-4.043,-9.135,-11.786
-0.226,0.151,0.886
0.008,-0.142,-0.472
14.130,9.654,101.685
-----
2452
14.123,10.185,-13.046
-0.133,0.047,1.059
0.011,-0.144,-0.475
7.153,2.531,102.970
-----
2568
1.715,-3.098,-18.550
-0.139,0.021,1.123
0.020,-0.145,-0.473
7.071,1.061,106.431
-----
2684
-5.469,8.715,-14.490
-0.107,0.189,0.886
0.020,-0.161,-0.470
6.764,12.055,105.582
-----
2803
11.288,17.395,-14.858
-0.209,0.037,0.986
0.028,-0.161,-0.468
11.944,2.125,108.301
-----
2923
3.902,8.339,-21.656
-0.206,-0.013,1.024
0.046,-0.157,-0.478
11.386,-0.727,114.909
-----
3045
11.025,23.949,-14.534
0.116,-0.018,1.056
0.071,-0.163,-0.478
-6.251,-0.950,121.938
-----
3164
-6.484,-2.747,5.338
-0.124,-0.110,0.924
0.072,-0.157,-0.487
7.579,-6.817,123.261
-----
3280
-5.801,-0.464,11.323
-0.151,-0.002,0.990
0.069,-0.166,-0.476
8.656,-0.134,121.059
-----
3400
-3.763,2.389,11.043
-0.011,-0.114,1.018
0.067,-0.166,-0.475
0.600,-6.382,120.656
-----
3519
1.094,-4.716,12.574
-0.043,-0.044,1.064
0.060,-0.164,-0.478
2.339,-2.351,118.771
-----
3636
9.467,-1.811,13.318
-0.145,-0.047,1.036
0.052,-0.167,-0.479
7.943,-2.586,115.814
-----
3758
0.472,-5.749,26.836
0.010,-0.038,0.923
0.051,-0.159,-0.483
-0.632,-2.334,116.528
-----
3877
-3.465,-30.861,45.579
-0.254,-0.122,0.956
0.010,-0.144,-0.472
14.789,-7.253,102.634
-----
3993
3.124,-17.299,18.874
-0.297,-0.081,1.017
-0.029,-0.138,-0.459
16.255,-4.579,86.835
-----
4110
-0.018,-0.026,13.563
0.019,-0.091,1.024
-0.045,-0.128,-0.450
-1.040,-5.104,79.399
-----
4229
-0.595,-19.285,20.458
-0.186,-0.005,0.938
-0.057,-0.132,-0.442
11.242,-0.313,75.301
-----
4352
7.061,-38.631,24.299
-0.312,0.038,0.918
-0.088,-0.120,-0.443
18.727,2.374,62.077
-----
4469
12.233,-5.303,17.885
-0.543,0.045,0.895
-0.114,-0.098,-0.428
31.202,2.868,49.164
-----
4589
13.291,7.140,-5.206
-0.423,0.010,1.070
-0.115,-0.090,-0.439
21.557,0.536,46.623
-----
4706
13.379,20.571,-6.983
-0.339,0.027,0.991
-0.101,-0.087,-0.444
18.880,1.541,49.103
-----
4825
14.123,24.526,-27.965
-0.247,-0.058,0.885
-0.076,-0.082,-0.461
15.531,-3.737,55.871
-----
4948
10.491,7.359,-23.091
-0.058,-0.122,0.908
-0.058,-0.085,-0.477
3.611,-7.681,64.325
-----
5064
5.407,-28.927,-11.113
-0.327,-0.172,0.950
-0.055,-0.093,-0.473
18.707,-10.264,68.036
-----
5180
-13.799,10.211,22.330
-0.255,-0.135,1.003
-0.066,-0.092,-0.458
14.122,-7.660,62.960
-----
5299
-16.975,-0.420,13.659
-0.353,-0.108,1.058
-0.071,-0.092,-0.459
18.348,-5.836,60.898
-----
5419
-2.091,-4.349,4.428
-0.292,-0.110,0.896
-0.075,-0.098,-0.463
17.946,-7.007,61.178
-----
5540
-16.931,21.184,-3.517
-0.203,-0.026,0.829
-0.072,-0.105,-0.455
13.731,-1.778,63.997
-----
5659
-14.429,-16.581,15.286
-0.329,-0.073,0.925
-0.061,-0.121,-0.453
19.515,-4.541,71.698
-----
5776
-6.379,-10.299,18.139
-0.361,-0.018,0.778
-0.081,-0.130,-0.443
24.863,-1.352,66.541
-----
5893
-3.876,-3.561,25.270
-0.333,0.063,1.071
-0.099,-0.116,-0.437
17.227,3.382,58.207
-----
6010
13.694,5.801,-8.724
-0.485,-0.007,0.970
-0.109,-0.117,-0.430
26.544,-0.400,55.496
-----
6133
2.485,16.214,-7.000
-0.390,0.004,0.830
-0.093,-0.114,-0.437
25.143,0.265,59.563
-----
6252
11.882,-0.157,-0.350
-0.121,-0.161,0.979
-0.077,-0.117,-0.448
6.941,-9.338,65.112
-----
6372
-8.278,-9.249,6.265
-0.781,-0.124,0.775
-0.092,-0.110,-0.441
44.847,-9.059,58.760
-----
6491
-1.339,17.421,16.896
-0.358,-0.003,1.117
-0.092,-0.116,-0.449
17.752,-0.160,60.216
-----
6609
-3.447,-15.654,8.111
-0.551,-0.076,0.907
-0.097,-0.110,-0.436
31.184,-4.810,57.028
-----
6729
8.715,9.922,5.793
-0.185,-0.014,0.861
-0.100,-0.107,-0.436
12.120,-0.901,55.440
-----
6849
-1.768,4.979,-9.004
-0.414,0.011,0.895
-0.095,-0.103,-0.439
24.834,0.679,55.725
-----
6968
-3.517,28.149,-10.605
-0.432,-0.028,0.892
-0.089,-0.119,-0.447
25.838,-1.813,61.915
-----
7087
11.909,0.385,13.484
-0.139,-0.102,1.035
-0.077,-0.118,-0.446
7.611,-5.636,65.379
-----
7206
-3.334,-3.211,15.977
-0.618,-0.072,0.765
-0.090,-0.107,-0.440
38.804,-5.401,58.401
-----
7326
5.749,-6.790,5.582
-0.394,-0.107,1.044
-0.101,-0.106,-0.440
20.563,-5.831,54.973
-----
7439
-7.009,6.440,9.205
-0.671,0.047,0.784
-0.116,-0.108,-0.431
40.506,3.458,51.682
-----
7555
10.535,-16.625,-3.141
-0.255,-0.079,0.912
-0.103,-0.108,-0.443
15.584,-4.970,54.868
-----
7671
1.409,17.185,10.273
-0.628,-0.010,0.796
-0.118,-0.104,-0.434
38.241,-0.702,49.986
-----
7791
12.845,5.372,-0.866
-0.061,-0.060,1.021
-0.107,-0.101,-0.434
3.386,-3.385,51.928
-----
7906
-5.005,10.474,8.654
-0.722,-0.053,0.790
-0.117,-0.099,-0.433
42.347,-3.804,48.789
-----
8025
16.214,-26.924,-13.177
-0.344,-0.169,0.599
-0.110,-0.104,-0.435
28.980,-15.732,51.971
-----
8141
-7.236,29.452,-18.042
-1.572,-0.046,0.532
-0.120,-0.111,-0.414
71.230,-4.924,51.151
-----
8261
-0.989,16.292,-10.833
-0.092,-0.110,1.293
-0.069,-0.131,-0.446
4.062,-4.847,70.852
-----
8376
1.610,-1.785,4.218
-0.825,-0.061,0.647
-0.076,-0.132,-0.437
51.784,-5.399,68.658
-----
8495
0.499,4.314,-3.159
-0.493,0.212,0.819
-0.070,-0.135,-0.440
30.219,14.507,71.330
-----
8614
6.921,-12.793,-4.952
-0.712,-0.023,0.879
-0.065,-0.137,-0.445
38.982,-1.478,73.314
-----
8734
4.253,6.554,-10.684
-0.617,-0.068,0.745
-0.062,-0.138,-0.443
39.523,-5.219,74.197
-----
8849
3.237,-6.326,-1.820
-0.745,-0.020,0.817
-0.057,-0.144,-0.443
42.338,-1.385,77.201
-----
8965
-3.938,7.455,4.174
-0.530,-0.008,0.898
-0.057,-0.147,-0.443
30.548,-0.537,77.451
-----
9084
0.254,8.059,8.636
-0.584,-0.004,0.842
-0.058,-0.150,-0.442
34.739,-0.295,77.407
-----
9207
3.850,-4.716,5.950
-0.584,0.007,0.903
-0.065,-0.151,-0.442
32.910,0.465,75.413
-----
9326
3.080,-5.014,11.165
-0.574,0.038,0.769
-0.072,-0.146,-0.437
36.718,2.807,72.433
-----
9443
6.746,-19.688,15.706
-0.615,-0.088,0.804
-0.084,-0.130,-0.438
37.227,-6.259,65.721
-----
9562
-0.411,-16.809,15.059
-0.675,-0.060,0.825
-0.107,-0.119,-0.426
39.217,-4.176,56.630
-----
9681
8.566,-10.413,8.698
-0.652,-0.115,0.772
-0.106,-0.115,-0.419
39.854,-8.490,55.833
-----
9801
1.899,-2.214,4.340
-0.629,-0.127,0.832
-0.123,-0.107,-0.423
36.774,-8.664,49.673
-----
9920
-6.247,0.928,0.928
-0.687,-0.105,0.768
-0.125,-0.112,-0.415
41.564,-7.814,50.305
-----
10039
-0.184,14.490,-5.329
-0.458,-0.174,0.951
-0.122,-0.120,-0.419
25.328,-10.363,53.114
-----
10156
-6.912,8.934,-8.330
-0.439,0.057,0.891
-0.118,-0.131,-0.411
26.154,3.657,56.613
-----
10275
5.233,-24.649,-14.035
-0.156,-0.130,0.747
-0.100,-0.140,-0.415
11.620,-9.890,63.107
-----
10398
5.267,-4.786,-1.549
-0.857,0.120,0.817
-0.136,-0.133,-0.387
46.055,8.325,53.072
-----
10517
-7.551,-4.673,-4.576
-0.483,0.203,0.865
-0.127,-0.154,-0.393
28.514,13.224,59.027
-----
10633
-0.035,-3.404,9.047
-0.692,0.086,0.818
-0.138,-0.152,-0.384
40.072,6.012,56.424
-----
10753
-1.216,-0.368,3.736
-0.581,0.081,0.812
-0.131,-0.158,-0.376
35.457,5.720,58.875
-----
10871
0.892,7.665,2.747
-0.564,0.114,0.815
-0.133,-0.159,-0.381
34.434,7.935,58.626
-----
10990
8.636,8.540,1.374
-0.617,0.104,0.857
-0.132,-0.153,-0.383
35.548,6.891,57.682
-----
11110
-1.383,25.996,-14.236
-0.457,0.164,0.858
-0.114,-0.161,-0.397
27.598,10.806,63.359
-----
11227
5.688,25.288,-2.739
-0.438,0.161,0.822
-0.100,-0.173,-0.398
27.628,11.102,68.541
-----
11345
4.008,20.632,-5.110
-0.375,0.043,0.943
-0.080,-0.170,-0.410
21.647,2.615,73.431
-----
11465
9.109,28.753,-8.566
-0.295,0.081,0.966
-0.056,-0.172,-0.425
16.930,4.774,80.468
-----
11585
15.540,19.591,-1.855
-0.202,-0.020,0.974
-0.031,-0.168,-0.436
11.718,-1.170,88.015
-----
11704
12.749,9.345,6.213
-0.268,-0.034,0.928
-0.025,-0.158,-0.452
16.068,-2.115,89.464
-----
11824
12.075,14.472,8.461
-0.182,-0.141,1.022
-0.028,-0.145,-0.457
10.030,-7.854,87.750
-----
11939
-1.645,3.273,22.566
-0.180,-0.132,0.965
-0.016,-0.134,-0.460
10.455,-7.819,91.860
-----
12058
1.015,13.134,20.326
-0.205,-0.067,0.978
-0.025,-0.133,-0.461
11.838,-3.904,88.037
-----
12178
1.873,3.395,9.677
-0.130,-0.071,1.073
-0.021,-0.125,-0.462
6.900,-3.777,88.879
-----
12298
3.273,16.494,-11.594
-0.185,-0.086,0.999
-0.017,-0.125,-0.470
10.430,-4.920,90.666
-----
12416
-6.484,5.915,-0.814
-0.160,-0.052,1.050
-0.004,-0.134,-0.465
8.675,-2.837,96.902
-----
12535
-7.892,8.671,2.564
-0.186,0.002,0.898
0.006,-0.143,-0.471
11.674,0.140,100.884
-----
12655
-5.714,-3.535,-12.136
-0.211,-0.006,1.087
0.013,-0.158,-0.465
11.005,-0.322,103.398
-----
12774
-10.894,-2.984,-40.889
-0.193,0.058,0.971
0.022,-0.174,-0.467
11.225,3.421,105.779
-----
12893
-8.120,7.017,-15.776
-0.026,0.030,0.969
0.046,-0.194,-0.460
1.525,1.746,112.032
-----
13009
4.182,-12.049,8.881
-0.112,0.079,1.006
0.044,-0.200,-0.460
6.306,4.487,110.948
-----
13128
5.679,-9.179,29.593
-0.227,0.082,0.984
0.025,-0.188,-0.463
12.933,4.754,106.261
-----
13247
9.476,1.155,17.448
-0.254,0.099,0.992
0.009,-0.176,-0.459
14.277,5.676,101.543
-----
13364
15.488,2.118,20.860
-0.253,0.089,1.008
0.001,-0.157,-0.470
14.030,5.072,98.990
-----
13486
18.638,10.089,12.556
-0.366,-0.086,0.934
-0.005,-0.139,-0.468
21.324,-5.275,96.453
-----
13618
5.329,8.181,-11.139
-0.147,-0.117,0.940
0.005,-0.125,-0.483
8.845,-7.078,100.827
-----
13734
3.780,-1.041,10.071
-0.210,-0.172,0.896
0.010,-0.124,-0.481
12.939,-10.876,103.295
-----
13862
-13.589,-6.912,12.757
-0.105,-0.121,1.052
0.008,-0.126,-0.479
5.664,-6.549,102.014
-----
13981
-9.511,11.226,10.325
-0.255,0.017,0.881
-0.002,-0.132,-0.473
16.149,1.107,97.731
-----
14104
3.299,-4.559,15.592
-0.254,-0.015,1.030
-0.004,-0.139,-0.469
13.845,-0.818,96.962
-----
14220
7.280,7.674,7.481
-0.304,-0.017,0.924
-0.006,-0.130,-0.462
18.196,-1.067,95.751
-----
14339
1.942,-3.456,15.584
-0.147,-0.032,0.985
-0.001,-0.126,-0.472
8.505,-1.841,98.071
-----
14457
9.432,-0.403,-2.608
-0.255,-0.024,1.060
-0.007,-0.123,-0.470
13.539,-1.315,95.129
-----
14574
-3.194,9.608,2.398
-0.173,-0.024,0.996
-0.011,-0.121,-0.472
9.827,-1.396,93.536
-----
14691
-5.014,4.602,1.531
-0.435,-0.094,0.924
-0.010,-0.120,-0.475
25.066,-5.817,94.059
-----
14814
-6.510,2.896,7.910
-0.325,-0.063,1.007
-0.002,-0.126,-0.473
17.836,-3.598,97.494
-----
14932
-8.890,3.071,7.210
-0.081,0.036,0.852
-0.001,-0.140,-0.476
5.460,2.394,98.351
-----
15051
17.763,-15.890,11.384
-0.169,-0.123,0.906
0.000,-0.135,-0.473
10.500,-7.736,98.699
-----
15171
9.109,32.603,35.411
-0.401,0.060,0.916
-0.019,-0.121,-0.472
23.583,3.740,89.784
-----
15287
2.835,-7.271,21.245
-0.432,-0.196,0.827
-0.014,-0.088,-0.483
26.959,-13.332,89.854
-----
15411
-10.185,-15.321,23.765
-0.341,-0.117,0.846
-0.022,-0.084,-0.483
21.764,-7.849,83.601
-----
15526
-0.639,12.390,4.725
-0.154,0.053,0.899
-0.023,-0.086,-0.478
9.708,3.389,83.736
-----
15646
6.186,-6.204,5.582
-0.256,-0.132,1.005
-0.023,-0.081,-0.476
14.152,-7.488,82.503
-----
15765
15.199,7.884,12.512
-0.118,-0.078,0.970
-0.036,-0.066,-0.480
6.897,-4.598,70.395
-----
15880
4.664,-4.865,-2.030
-0.261,-0.127,1.005
-0.037,-0.065,-0.478
14.434,-7.180,68.595
-----
16000
5.267,5.416,6.125
-0.169,-0.102,0.950
-0.037,-0.059,-0.481
10.026,-6.134,66.206
-----
16119
-4.349,6.344,-5.320
-0.191,-0.112,1.069
-0.040,-0.056,-0.478
10.054,-5.990,63.097
-----
16238
-1.138,13.650,-4.568
-0.134,-0.017,0.937
-0.037,-0.072,-0.478
8.134,-1.033,71.482
-----
16355
-1.636,-2.678,-3.036
-0.295,-0.152,0.967
-0.033,-0.073,-0.481
16.746,-8.909,74.194
-----
16475
7.131,-3.342,3.045
-0.246,-0.134,0.978
-0.040,-0.079,-0.474
13.971,-7.775,71.813
-----
16598
-2.529,1.794,-1.409
-0.188,-0.109,0.965
-0.039,-0.084,-0.479
10.970,-6.447,73.907
-----
16713
4.182,-2.608,23.188
-0.300,-0.108,0.973
-0.042,-0.073,-0.473
17.033,-6.319,68.503
-----
16833
2.695,1.837,7.000
-0.317,-0.064,0.894
-0.047,-0.069,-0.477
19.507,-4.099,64.571
-----
16952
1.374,4.952,6.379
-0.409,-0.205,0.978
-0.047,-0.067,-0.476
22.278,-11.861,63.829
-----
17069
1.496,0.123,5.171
-0.292,-0.194,0.933
-0.049,-0.065,-0.470
17.016,-11.767,61.532
-----
17190
-9.188,8.829,5.565
-0.337,-0.141,0.869
-0.048,-0.068,-0.471
20.961,-9.246,63.469
-----
17310
0.053,-7.096,11.769
-0.279,-0.222,0.999
-0.048,-0.071,-0.467
15.249,-12.518,64.553
-----
17429
-8.759,12.189,5.189
-0.298,-0.124,0.948
-0.055,-0.067,-0.457
17.305,-7.432,59.369
-----
17545
-0.726,-3.876,0.009
-0.279,-0.110,0.968
-0.049,-0.082,-0.466
15.959,-6.509,68.076
-----
17665
-1.873,11.489,-1.715
-0.188,0.010,0.994
-0.047,-0.082,-0.461
10.703,0.591,68.477
-----
