493
-1.190,30.039,-3.211
-0.450,0.018,0.898
0.000,0.000,0.000
26.616,1.171,8.580
-----
634
0.403,3.316,11.340
-0.438,0.066,0.881
-0.093,-0.144,-0.414
26.356,4.303,65.890
-----
751
3.973,4.497,7.892
-0.340,0.054,0.889
-0.090,-0.138,-0.419
20.922,3.499,65.470
-----
867
3.596,-0.157,7.472
-0.394,0.009,0.914
-0.092,-0.136,-0.420
23.318,0.574,64.348
-----
986
1.829,7.543,-4.909
-0.434,0.016,0.886
-0.098,-0.137,-0.418
26.096,1.018,62.931
-----
1105
-2.450,9.275,-13.379
-0.377,0.065,0.898
-0.088,-0.144,-0.422
22.715,4.132,66.973
-----
1228
0.315,5.959,-6.405
-0.417,0.077,0.887
-0.079,-0.159,-0.425
25.079,4.988,72.197
-----
1347
7.726,18.016,-7.464
-0.367,0.074,0.917
-0.068,-0.166,-0.429
21.764,4.611,76.231
-----
1464
7.420,14.394,-2.747
-0.383,0.035,0.899
-0.058,-0.162,-0.432
23.085,2.204,78.860
-----
1584
6.396,19.407,-7.026
-0.374,0.077,0.938
-0.049,-0.156,-0.448
21.673,4.672,81.246
-----
1702
9.345,21.560,-7.472
-0.276,0.098,0.941
-0.018,-0.157,-0.451
16.286,5.920,92.054
-----
1825
8.663,15.102,-5.215
-0.212,0.053,0.974
-0.001,-0.157,-0.469
12.258,3.115,98.071
-----
1945
8.006,21.464,0.026
-0.163,0.005,0.977
0.013,-0.148,-0.478
9.445,0.308,103.438
-----
2062
4.550,14.227,10.483
-0.124,-0.004,1.005
0.026,-0.141,-0.480
7.056,-0.212,108.960
-----
2178
4.016,7.989,3.649
-0.191,-0.037,0.959
0.031,-0.133,-0.482
11.281,-2.197,111.817
-----
2297
2.013,3.868,9.196
-0.187,-0.147,0.988
0.033,-0.130,-0.481
10.599,-8.433,112.862
-----
2417
0.228,7.411,3.763
-0.073,-0.103,0.984
0.040,-0.137,-0.488
4.208,-5.973,114.820
-----
2534
-3.089,5.451,5.451
-0.047,-0.039,1.029
0.043,-0.136,-0.485
2.600,-2.155,116.230
-----
2650
-4.392,-3.063,12.722
-0.175,-0.057,0.987
0.037,-0.141,-0.480
10.027,-3.326,113.388
-----
2768
3.281,4.673,11.174
-0.063,-0.034,1.006
0.036,-0.135,-0.482
3.574,-1.913,113.629
-----
2888
0.805,3.063,4.323
-0.012,-0.084,1.017
0.032,-0.135,-0.488
0.695,-4.726,111.857
-----
3004
-7.604,5.075,4.016
-0.099,-0.025,0.943
0.033,-0.136,-0.481
5.967,-1.542,112.394
-----
3126
-0.936,2.608,17.570
0.038,-0.055,1.025
0.039,-0.140,-0.482
-2.147,-3.066,114.260
-----
3246
-2.310,0.901,13.720
-0.041,-0.038,0.945
0.034,-0.140,-0.482
2.460,-2.325,112.374
-----
3365
-0.464,1.986,16.958
-0.034,-0.084,1.048
0.027,-0.139,-0.484
1.855,-4.597,109.613
-----
3483
-8.076,-4.454,20.073
-0.064,-0.041,1.000
0.020,-0.136,-0.479
3.635,-2.334,106.990
-----
3600
-1.041,6.624,14.149
-0.205,0.023,0.927
0.013,-0.143,-0.471
12.474,1.444,103.668
-----
3720
-1.505,7.350,8.347
-0.087,-0.020,1.076
0.009,-0.141,-0.469
4.645,-1.091,102.337
-----
3838
1.864,6.003,10.377
-0.121,-0.018,0.929
0.009,-0.140,-0.475
7.405,-1.083,102.181
-----
3957
-0.350,-4.384,17.719
-0.002,0.001,0.968
0.015,-0.139,-0.476
0.108,0.065,104.844
-----
4074
7.158,19.644,7.044
0.022,-0.082,1.136
0.011,-0.132,-0.480
-1.090,-4.151,103.243
-----
4191
-3.308,-16.817,17.290
-0.115,0.015,0.920
0.010,-0.136,-0.472
7.102,0.957,102.574
-----
4314
2.345,6.213,3.220
-0.111,-0.013,0.917
-0.001,-0.132,-0.472
6.873,-0.789,97.972
-----
4432
3.553,2.065,12.959
-0.032,-0.003,1.065
-0.004,-0.127,-0.473
1.697,-0.144,96.816
-----
4551
-1.444,1.601,3.474
-0.118,0.030,0.909
-0.003,-0.123,-0.474
7.405,1.876,97.208
-----
4670
8.610,-7.114,-1.899
-0.079,-0.000,1.023
0.000,-0.126,-0.468
4.411,-0.020,8.580
-----
4787
11.891,9.739,-1.067
-0.129,0.075,0.976
-0.017,-0.124,-0.470
7.503,4.376,90.766
-----
4907
9.686,7.149,-1.015
-0.021,-0.034,1.022
0.005,-0.114,-0.468
1.159,-1.908,101.036
-----
5029
2.380,8.251,0.700
-0.226,-0.006,0.931
-0.005,-0.108,-0.466
13.618,-0.390,95.695
-----
5145
12.661,-10.028,2.975
0.002,-0.105,0.925
0.005,-0.105,-0.475
-0.101,-6.491,101.549
-----
5261
5.845,0.009,2.975
-0.099,-0.056,0.955
-0.008,-0.098,-0.474
5.922,-3.384,94.013
-----
5380
6.379,-2.922,-4.253
0.054,-0.069,1.060
-0.004,-0.098,-0.477
-2.936,-3.744,96.526
-----
5498
3.719,3.622,0.157
-0.188,-0.061,0.912
-0.016,-0.096,-0.473
11.599,-3.816,88.859
-----
5621
10.430,-1.391,9.389
-0.127,-0.166,1.134
-0.009,-0.088,-0.478
6.338,-8.321,92.590
-----
5740
-1.732,6.160,8.794
-0.174,-0.109,1.051
-0.017,-0.084,-0.485
9.330,-5.909,87.307
-----
5857
-2.205,-0.254,10.369
-0.065,-0.007,0.891
-0.018,-0.093,-0.480
4.193,-0.439,87.704
-----
5976
-1.313,-17.273,25.585
-0.137,0.048,1.068
-0.032,-0.083,-0.471
7.323,2.553,77.866
-----
6095
5.198,-23.327,16.485
-0.192,0.015,0.968
-0.056,-0.075,-0.464
11.204,0.899,61.710
-----
6217
9.748,-11.961,8.426
-0.281,-0.013,1.029
-0.085,-0.065,-0.461
15.280,-0.737,46.003
-----
6337
7.543,10.281,11.672
-0.328,0.002,1.043
-0.094,-0.057,-0.452
17.431,0.107,39.795
-----
6454
-0.910,3.036,12.171
-0.230,-0.039,0.854
-0.096,-0.049,-0.461
15.041,-2.637,35.512
-----
6569
8.146,-8.663,0.009
-0.278,-0.098,0.914
-0.095,-0.041,-0.456
16.834,-6.145,31.789
-----
6689
10.640,-5.329,-2.572
-0.174,-0.087,0.984
-0.095,-0.038,-0.458
9.975,-5.036,30.528
-----
6812
-0.901,17.273,10.517
-0.270,-0.041,1.015
-0.102,-0.036,-0.462
14.884,-2.286,28.259
-----
6931
9.310,-32.725,-7.639
-0.289,-0.272,0.953
-0.092,-0.029,-0.465
16.255,-15.951,25.854
-----
7046
-0.298,14.665,9.196
-0.097,-0.021,1.049
-0.102,-0.032,-0.463
5.263,-1.155,25.894
-----
7165
10.684,-2.179,3.159
-0.039,-0.195,1.026
-0.093,-0.029,-0.469
2.154,-10.760,26.056
-----
7285
10.929,-4.532,-4.900
-0.401,-0.230,0.664
-0.105,-0.031,-0.469
29.698,-19.100,25.139
-----
7408
2.214,-15.829,-16.257
-0.545,-0.183,0.861
-0.099,-0.034,-0.466
31.769,-12.023,27.596
-----
7524
-3.719,9.765,-1.479
-0.342,-0.100,1.070
-0.102,-0.038,-0.462
17.640,-5.340,29.300
-----
7644
4.261,14.884,-11.419
-0.105,-0.104,0.994
-0.089,-0.050,-0.470
6.027,-6.001,37.796
-----
7763
0.577,-27.834,-13.116
-0.500,-0.132,0.847
-0.087,-0.054,-0.466
30.261,-8.837,40.602
-----
7879
0.595,9.188,4.489
-0.269,0.002,0.807
-0.091,-0.062,-0.459
18.460,0.165,42.716
-----
7996
17.028,-14.525,-7.814
-0.081,-0.019,1.117
-0.080,-0.061,-0.466
4.148,-0.979,46.027
-----
8118
17.824,15.330,-6.571
-0.194,-0.141,0.961
-0.090,-0.060,-0.464
11.287,-8.344,42.353
-----
8238
15.102,-22.208,-24.964
-0.177,-0.223,0.938
-0.080,-0.057,-0.471
10.417,-13.356,44.337
-----
8353
-7.035,26.302,-11.594
-0.574,-0.146,0.939
-0.084,-0.064,-0.467
31.137,-8.835,45.602
-----
8472
-5.311,37.669,-4.559
-0.269,-0.027,1.139
-0.062,-0.079,-0.473
13.272,-1.371,60.593
-----
8592
-14.201,-1.138,8.636
-0.623,0.011,0.836
-0.062,-0.089,-0.466
36.676,0.774,63.600
-----
8714
2.844,0.656,30.739
-0.378,-0.000,0.857
-0.069,-0.086,-0.469
23.835,-0.033,59.738
-----
8833
8.899,-14.490,17.911
-0.580,-0.042,0.828
-0.092,-0.076,-0.463
34.979,-2.912,48.214
-----
8949
6.615,13.379,-0.770
-0.494,-0.043,0.848
-0.094,-0.068,-0.459
30.180,-2.921,44.648
-----
9069
9.555,-0.026,-5.075
-0.642,-0.092,0.833
-0.098,-0.065,-0.462
37.468,-6.302,42.251
-----
9184
7.114,2.144,-5.224
-0.754,-0.138,0.796
-0.096,-0.063,-0.466
43.024,-9.847,41.651
-----
9304
5.119,11.165,-6.702
-0.452,-0.100,0.864
-0.090,-0.068,-0.469
27.430,-6.610,45.493
-----
9423
-1.313,-5.775,5.565
-0.644,-0.174,0.869
-0.090,-0.065,-0.465
36.002,-11.342,44.522
-----
9542
6.247,-0.385,-3.308
-0.570,-0.139,0.822
-0.090,-0.063,-0.464
34.368,-9.575,43.548
-----
9657
-1.628,-2.091,2.625
-0.565,-0.153,0.864
-0.087,-0.067,-0.466
32.784,-10.056,46.429
-----
9777
0.551,-4.576,2.747
-0.608,-0.082,0.854
-0.094,-0.072,-0.461
35.333,-5.482,45.910
-----
9899
2.170,-1.173,6.029
-0.548,-0.094,0.830
-0.097,-0.067,-0.461
33.256,-6.456,43.155
-----
10018
3.763,4.060,9.887
-0.519,-0.188,0.853
-0.100,-0.063,-0.464
30.698,-12.393,40.650
-----
10137
-5.101,0.595,1.558
-0.478,-0.151,0.855
-0.103,-0.063,-0.455
28.840,-10.039,40.035
-----
10253
-8.374,-1.050,6.440
-0.582,-0.127,0.855
-0.105,-0.069,-0.451
33.964,-8.479,41.828
-----
10373
3.789,4.550,-3.255
-0.481,-0.166,0.877
-0.105,-0.074,-0.450
28.327,-10.702,43.720
-----
10496
-7.131,1.251,-5.836
-0.529,-0.133,0.857
-0.104,-0.082,-0.453
31.364,-8.830,46.825
-----
10615
-6.108,15.321,-0.254
-0.437,-0.107,1.021
-0.097,-0.090,-0.451
23.077,-6.005,51.481
-----
10731
-1.120,-14.009,-3.316
-0.389,-0.140,0.807
-0.087,-0.103,-0.456
25.411,-9.859,58.403
-----
10848
-9.756,12.381,2.695
-0.434,0.056,0.967
-0.090,-0.109,-0.450
24.147,3.285,59.159
-----
10967
-2.704,10.675,-6.851
-0.279,0.058,0.958
-0.083,-0.119,-0.455
16.233,3.465,63.588
-----
11089
0.245,17.334,2.931
-0.239,0.005,0.901
-0.073,-0.121,-0.455
14.866,0.287,67.626
-----
11206
-2.739,11.217,-2.398
-0.165,0.086,0.968
-0.053,-0.129,-0.460
9.650,5.070,76.253
-----
11325
9.783,4.602,-4.209
-0.294,0.009,0.956
-0.050,-0.133,-0.458
17.096,0.537,78.143
-----
11444
6.352,11.839,1.146
-0.176,-0.166,1.019
-0.040,-0.123,-0.467
9.672,-9.264,80.380
-----
11560
2.039,0.123,4.314
-0.074,-0.093,0.994
-0.037,-0.122,-0.468
4.237,-5.367,81.561
-----
11680
11.541,7.271,0.674
-0.052,-0.056,0.985
-0.034,-0.122,-0.466
3.015,-3.256,82.835
-----
11803
4.839,4.795,0.228
-0.080,-0.078,1.035
-0.028,-0.117,-0.473
4.418,-4.327,85.290
-----
11919
7.324,9.485,-0.700
-0.121,-0.186,0.993
-0.026,-0.115,-0.478
6.840,-10.627,85.992
-----
12035
-2.082,6.379,10.797
-0.111,-0.113,1.069
-0.020,-0.109,-0.473
5.905,-6.018,88.308
-----
12153
-3.517,6.912,8.164
-0.505,-0.054,0.859
-0.023,-0.114,-0.479
30.395,-3.572,87.189
-----
12273
-3.299,-2.284,-2.879
-0.325,-0.159,0.959
-0.014,-0.121,-0.475
18.483,-9.442,92.109
-----
12395
-4.883,11.944,-0.087
-0.116,-0.079,1.018
-0.002,-0.123,-0.480
6.495,-4.426,97.475
-----
12514
-1.960,-0.105,8.925
-0.139,-0.008,0.922
0.004,-0.133,-0.478
8.585,-0.527,100.503
-----
12631
-3.736,6.948,10.631
-0.036,0.025,1.036
0.013,-0.131,-0.473
2.013,1.390,104.188
-----
12749
5.889,-6.291,-0.525
-0.189,-0.017,0.903
0.000,-0.134,-0.482
11.807,-1.087,8.580
-----
12869
3.727,5.775,-1.033
-0.087,-0.042,1.024
0.008,-0.127,-0.477
4.848,-2.367,102.373
-----
12989
4.182,-1.242,0.341
-0.068,-0.063,0.971
0.016,-0.133,-0.484
3.971,-3.692,105.318
-----
13108
4.646,0.884,4.664
-0.258,-0.119,0.938
0.012,-0.127,-0.475
15.258,-7.228,103.979
-----
13228
2.257,4.506,7.770
-0.180,-0.116,1.024
0.017,-0.127,-0.480
9.906,-6.473,106.055
-----
13343
-2.214,-0.236,10.999
-0.135,0.015,0.964
0.008,-0.132,-0.476
7.977,0.884,101.847
-----
13463
9.467,11.821,9.450
0.052,-0.102,0.968
0.007,-0.125,-0.485
-3.082,-6.041,101.973
-----
13601
-2.914,4.856,-1.697
-0.148,-0.135,0.996
0.005,-0.123,-0.483
8.356,-7.702,101.050
-----
13730
-4.209,-8.496,-0.306
-0.229,-0.102,1.045
0.009,-0.127,-0.479
12.283,-5.582,102.558
-----
13849
-4.497,-7.201,10.194
-0.000,0.000,0.925
-0.001,-0.135,-0.487
0.011,0.015,98.105
-----
13966
4.296,9.529,7.096
-0.098,-0.059,1.064
-0.009,-0.136,-0.471
5.248,-3.186,94.974
-----
14086
19.591,-43.409,46.217
-0.476,-0.110,0.926
-0.035,-0.118,-0.467
27.071,-6.753,82.006
-----
14205
3.859,10.561,16.362
-0.236,-0.153,0.957
-0.053,-0.097,-0.469
13.703,-9.103,69.975
-----
14325
4.209,11.681,10.824
-0.176,-0.119,1.090
-0.051,-0.091,-0.470
9.107,-6.230,69.578
-----
14443
-3.299,4.900,18.681
-0.257,-0.039,0.905
-0.052,-0.089,-0.465
15.838,-2.485,68.229
-----
14559
4.148,-5.609,16.091
-0.166,-0.144,1.027
-0.059,-0.081,-0.470
9.099,-8.000,62.641
-----
14679
2.922,4.900,14.962
-0.381,-0.111,0.848
-0.078,-0.072,-0.469
24.006,-7.483,51.179
-----
14800
-1.391,2.931,1.129
-0.196,-0.267,1.040
-0.070,-0.065,-0.469
10.338,-14.423,51.393
-----
14920
0.735,9.844,15.601
-0.192,-0.035,0.957
-0.072,-0.065,-0.469
11.341,-2.110,50.882
-----
15036
-0.289,1.715,8.164
-0.177,0.013,0.974
-0.074,-0.057,-0.464
10.323,0.746,46.033
-----
15153
4.226,0.788,5.460
-0.194,-0.035,0.949
-0.072,-0.053,-0.473
11.532,-2.130,45.093
-----
15270
17.089,1.890,-3.150
-0.059,-0.005,1.108
-0.071,-0.049,-0.473
3.056,-0.265,43.328
-----
15390
5.189,-1.951,-5.889
-0.259,0.005,0.915
-0.074,-0.045,-0.471
15.803,0.306,40.054
-----
15510
0.271,0.018,-20.247
-0.330,-0.130,0.942
-0.071,-0.053,-0.469
19.147,-7.827,45.268
-----
15629
10.903,6.449,5.766
-0.214,-0.109,1.015
-0.064,-0.057,-0.470
11.826,-6.133,50.291
-----
15748
7.149,0.928,-29.225
-0.329,-0.060,0.985
-0.060,-0.055,-0.475
18.447,-3.462,50.993
-----
15867
11.471,-1.768,-17.176
-0.248,-0.017,1.017
-0.056,-0.055,-0.480
13.696,-0.931,52.714
-----
15986
3.990,11.926,-6.930
-0.255,-0.050,0.877
-0.045,-0.062,-0.478
16.163,-3.263,63.091
-----
16109
10.194,-9.126,-10.754
-0.372,-0.157,1.034
-0.042,-0.062,-0.480
19.560,-8.621,64.116
-----
16227
1.873,1.916,-17.028
-0.397,0.026,0.956
-0.038,-0.070,-0.475
22.552,1.536,70.034
-----
16347
-4.043,14.621,-20.825
-0.435,-0.088,1.020
-0.032,-0.074,-0.481
23.041,-4.918,75.002
-----
16466
6.213,13.195,-13.685
-0.441,-0.024,0.842
-0.020,-0.075,-0.479
27.613,-1.606,83.397
-----
16584
7.262,6.037,-16.809
-0.356,-0.063,0.910
0.000,-0.078,-0.485
21.334,-3.949,98.786
-----
16708
19.198,-19.985,-16.599
-0.555,-0.210,0.913
0.004,-0.081,-0.495
30.641,-12.923,101.650
-----
