559
-1.313,29.934,-3.098
-0.206,-0.064,0.967
0.000,0.000,0.000
11.969,-3.777,8.580
-----
696
1.916,0.543,3.159
-0.205,-0.065,0.942
-0.144,0.081,-0.476
12.258,-3.947,339.209
-----
816
2.170,0.700,3.071
-0.189,-0.057,0.948
-0.147,0.087,-0.488
11.231,-3.439,337.929
-----
934
0.901,1.330,3.325
-0.224,-0.075,0.955
-0.149,0.088,-0.488
13.144,-4.512,337.886
-----
1053
1.321,-4.585,1.584
-0.185,-0.038,0.952
-0.151,0.089,-0.488
10.999,-2.300,338.033
-----
1170
5.075,12.355,4.113
-0.172,-0.085,0.949
-0.149,0.089,-0.487
10.236,-5.129,337.592
-----
1290
1.155,-7.394,4.069
-0.166,-0.083,0.956
-0.144,0.092,-0.479
9.804,-4.947,336.152
-----
1408
4.576,1.085,5.451
-0.154,-0.083,0.966
-0.152,0.096,-0.478
8.998,-4.910,336.376
-----
1527
3.360,0.709,2.459
-0.169,-0.141,0.984
-0.154,0.098,-0.480
9.659,-8.147,336.230
-----
1644
0.744,-1.969,-0.079
-0.275,-0.077,0.959
-0.159,0.094,-0.484
15.948,-4.573,337.996
-----
1760
3.255,13.318,-0.324
-0.133,-0.067,0.986
-0.152,0.091,-0.476
7.643,-3.907,337.632
-----
1883
1.925,3.290,13.326
-0.205,-0.062,0.967
-0.146,0.093,-0.490
11.932,-3.662,336.056
-----
1999
21.962,-43.978,0.796
-0.473,-0.081,0.770
-0.177,0.099,-0.467
31.390,-5.968,339.287
-----
2119
24.894,5.504,-24.150
-0.251,0.022,1.083
-0.197,0.097,-0.451
13.067,1.159,342.342
-----
2238
4.323,-32.489,-36.111
-0.426,-0.419,1.096
-0.205,0.096,-0.433
19.957,-20.912,343.347
-----
2354
-27.667,-3.684,-59.894
-0.437,0.005,1.013
-0.215,0.038,-0.421
23.340,0.311,358.472
-----
2473
48.983,-24.028,-54.854
-0.418,0.039,0.815
-0.204,-0.006,-0.407
27.162,2.714,10.195
-----
2592
67.375,-45.535,-72.923
-0.479,-0.205,0.833
-0.219,-0.013,-0.389
29.172,-13.802,11.878
-----
2712
71.076,-78.724,-59.684
-0.628,-0.119,0.777
-0.247,-0.032,-0.345
38.651,-8.696,15.853
-----
2828
24.089,-2.581,-59.684
-0.905,-0.274,0.658
-0.262,-0.051,-0.318
51.796,-22.609,19.542
-----
2945
39.655,43.627,-35.193
-0.862,-0.121,0.657
-0.234,-0.090,-0.335
52.227,-10.455,29.620
-----
3067
13.484,21.709,-25.244
-0.523,0.021,0.828
-0.193,-0.109,-0.363
32.271,1.486,37.993
-----
3187
24.264,4.174,-16.686
-0.743,-0.216,0.701
-0.185,-0.111,-0.369
45.370,-17.169,39.423
-----
3306
4.707,25.778,-11.349
-0.687,-0.204,0.638
-0.170,-0.114,-0.375
45.723,-17.747,42.455
-----
3425
22.698,11.506,12.119
-0.584,-0.105,0.737
-0.156,-0.117,-0.389
38.125,-8.108,45.458
-----
3542
-6.633,21.980,-21.551
-0.665,-0.165,0.603
-0.145,-0.113,-0.400
46.767,-15.315,46.428
-----
3663
-6.449,40.303,-1.925
-0.717,0.001,0.497
-0.121,-0.133,-0.407
55.278,0.099,56.333
-----
3783
0.254,58.879,-5.539
-0.382,-0.004,0.599
-0.084,-0.136,-0.435
32.512,-0.379,66.788
-----
3899
-25.734,60.760,-6.939
-0.140,0.120,0.894
-0.032,-0.160,-0.453
8.807,7.614,87.415
-----
4015
49.236,-45.447,-7.875
-0.315,-0.099,0.999
-0.009,-0.155,-0.464
17.401,-5.669,95.107
-----
4133
21.131,-2.931,-7.367
-0.377,0.302,1.036
-0.020,-0.157,-0.459
19.261,16.250,91.229
-----
4253
12.932,-4.410,20.676
-0.496,-0.274,0.944
-0.039,-0.136,-0.460
26.783,-16.210,82.354
-----
4375
3.308,-29.811,-10.981
-0.835,0.030,0.947
-0.058,-0.146,-0.448
41.388,1.819,77.110
-----
4495
15.619,64.348,10.911
-0.152,-0.064,0.933
-0.023,-0.132,-0.471
9.243,-3.935,88.742
-----
4611
0.718,29.899,-17.141
-0.204,0.142,0.990
0.022,-0.132,-0.485
11.559,8.163,108.131
-----
4727
11.620,42.114,33.731
-0.324,-0.172,0.950
0.037,-0.118,-0.487
18.574,-10.262,115.930
-----
4846
0.061,32.900,-0.262
-0.133,-0.104,0.925
0.065,-0.122,-0.498
8.111,-6.442,126.724
-----
4965
-5.915,32.874,9.284
-0.153,-0.051,0.990
0.093,-0.130,-0.509
8.747,-2.923,134.094
-----
5082
-7.438,9.354,4.139
-0.120,-0.006,0.976
0.110,-0.129,-0.497
7.012,-0.380,139.038
-----
5201
5.285,17.334,2.231
0.005,-0.085,0.959
0.129,-0.134,-0.503
-0.301,-5.052,142.450
-----
5320
6.125,18.104,17.517
-0.048,0.074,0.985
0.133,-0.132,-0.505
2.776,4.308,143.641
-----
5437
-7.394,29.260,22.391
0.187,-0.076,0.975
0.151,-0.128,-0.503
-10.846,-4.443,148.327
-----
5556
47.574,-3.369,39.515
-0.123,0.009,0.982
0.143,-0.124,-0.508
7.116,0.534,147.781
-----
5675
8.190,6.948,11.926
-0.042,-0.343,1.014
0.137,-0.089,-0.521
2.272,-18.684,155.558
-----
5794
3.806,0.901,11.786
0.087,-0.098,0.990
0.145,-0.093,-0.519
-5.026,-5.673,155.912
-----
5910
-9.546,1.715,6.650
0.116,-0.155,1.020
0.136,-0.097,-0.523
-6.412,-8.660,152.998
-----
6029
-16.380,1.523,-6.134
0.050,-0.022,0.955
0.135,-0.110,-0.509
-3.020,-1.303,149.446
-----
6149
-2.275,-2.328,2.730
-0.091,-0.090,0.956
0.133,-0.116,-0.509
5.421,-5.372,147.309
-----
6267
-8.260,4.463,-7.420
-0.028,-0.063,0.999
0.137,-0.124,-0.515
1.602,-3.581,146.502
-----
6386
3.036,0.866,-7.971
-0.029,-0.003,1.023
0.139,-0.126,-0.502
1.608,-0.154,146.393
-----
6506
0.087,-2.485,-2.852
0.048,-0.153,0.988
0.139,-0.130,-0.513
-2.745,-8.817,145.637
-----
6622
1.558,-3.421,1.934
0.047,-0.064,0.969
0.135,-0.130,-0.513
-2.748,-3.750,144.701
-----
6744
2.485,-7.516,4.463
-0.012,-0.086,1.002
0.131,-0.128,-0.515
0.691,-4.911,144.229
-----
6860
1.356,-0.875,4.471
-0.011,-0.043,1.012
0.124,-0.126,-0.507
0.628,-2.407,143.227
-----
6979
3.168,0.368,1.435
0.084,-0.026,1.005
0.126,-0.128,-0.501
-4.755,-1.509,143.169
-----
7095
0.298,-2.765,2.293
-0.030,-0.048,0.987
0.122,-0.135,-0.508
1.715,-2.767,140.806
-----
7214
-7.166,1.706,1.715
0.028,0.002,0.991
0.109,-0.132,-0.503
-1.628,0.130,138.248
-----
7333
4.086,-2.564,-11.804
-0.261,0.073,0.969
0.101,-0.147,-0.503
15.030,4.296,133.207
-----
7455
-1.829,-4.069,8.164
-0.058,-0.068,0.927
0.103,-0.144,-0.500
3.569,-4.187,134.149
-----
7574
-2.091,2.126,12.443
-0.086,0.055,0.978
0.095,-0.152,-0.498
5.017,3.223,130.419
-----
7691
4.349,-2.695,14.788
-0.063,0.005,0.969
0.097,-0.152,-0.502
3.721,0.325,131.171
-----
7810
0.674,1.750,11.506
0.027,0.031,0.954
0.086,-0.144,-0.495
-1.626,1.890,129.396
-----
7929
5.206,4.856,16.126
-0.054,0.008,0.975
0.079,-0.143,-0.492
3.161,0.495,127.535
-----
8049
3.168,0.236,11.821
0.045,-0.027,1.052
0.081,-0.141,-0.497
-2.467,-1.468,128.502
-----
8168
3.640,-6.571,15.374
-0.096,0.013,1.035
0.064,-0.137,-0.501
5.308,0.716,123.526
-----
8287
4.795,6.545,0.324
0.101,-0.075,1.045
0.068,-0.133,-0.501
-5.530,-4.082,125.793
-----
8403
-1.785,1.242,8.733
0.001,-0.044,0.946
0.061,-0.128,-0.500
-0.052,-2.637,124.209
-----
8523
5.784,10.124,5.679
0.082,-0.224,1.032
0.059,-0.133,-0.498
-4.451,-12.238,122.447
-----
8646
2.888,-5.014,14.017
0.023,-0.148,0.934
0.055,-0.123,-0.504
-1.378,-9.013,122.609
-----
8762
-4.410,-2.739,8.243
0.056,-0.073,1.033
0.048,-0.119,-0.499
-3.089,-4.058,120.474
-----
8881
8.724,-2.319,16.923
-0.039,-0.044,0.945
0.043,-0.123,-0.503
2.340,-2.664,117.718
-----
8999
3.544,5.976,-1.164
0.127,0.033,1.011
0.038,-0.111,-0.501
-7.146,1.857,117.492
-----
9116
6.554,-1.715,1.487
0.133,0.063,1.036
0.042,-0.107,-0.505
-7.288,3.487,119.968
-----
9233
7.543,13.134,-11.699
0.010,-0.045,0.961
0.039,-0.107,-0.503
-0.607,-2.661,118.732
-----
9356
-7.324,0.507,-2.415
-0.022,0.010,0.951
0.051,-0.112,-0.500
1.348,0.595,122.900
-----
9472
8.820,-1.505,-7.989
-0.219,0.028,0.982
0.049,-0.110,-0.499
12.575,1.640,122.583
-----
9591
8.759,2.004,-9.931
0.067,-0.073,1.066
0.059,-0.111,-0.495
-3.568,-3.906,126.514
-----
9710
-7.928,14.306,0.018
0.086,0.063,1.013
0.057,-0.124,-0.497
-4.818,3.540,123.248
-----
9826
3.045,-7.236,8.286
-0.149,-0.042,0.992
0.053,-0.124,-0.502
8.513,-2.408,121.732
-----
9946
-3.763,15.715,-7.245
0.185,-0.033,1.050
0.066,-0.129,-0.494
-9.996,-1.824,125.740
-----
10064
-0.919,-2.214,7.761
-0.060,-0.018,1.012
0.059,-0.133,-0.494
3.367,-1.026,122.526
-----
10183
3.054,4.769,-3.378
-0.008,-0.018,1.026
0.056,-0.135,-0.496
0.429,-0.981,121.204
-----
10300
3.544,-1.304,11.454
-0.064,-0.065,0.976
0.055,-0.129,-0.498
3.755,-3.803,121.583
-----
10417
4.086,0.866,9.328
-0.145,-0.078,0.954
0.053,-0.123,-0.497
8.629,-4.657,121.747
-----
10540
-1.251,10.727,5.950
-0.096,0.020,1.015
0.050,-0.123,-0.492
5.389,1.129,120.740
-----
10658
4.961,2.275,1.347
-0.157,-0.126,0.883
0.056,-0.115,-0.493
9.992,-8.112,124.612
-----
10777
4.830,15.137,-2.791
0.078,-0.195,1.066
0.062,-0.116,-0.495
-4.136,-10.352,126.559
-----
10893
-6.965,-3.544,6.108
-0.084,-0.069,0.958
0.061,-0.120,-0.501
5.020,-4.090,125.597
-----
11012
-0.341,14.131,7.691
0.118,-0.102,1.147
0.063,-0.123,-0.502
-5.856,-5.075,125.744
-----
11133
-8.899,2.371,12.215
-0.018,-0.065,0.955
0.059,-0.123,-0.498
1.052,-3.874,124.041
-----
11253
-4.410,5.101,9.791
-0.002,0.062,1.012
0.055,-0.123,-0.499
0.110,3.501,122.458
-----
11373
5.565,-2.888,-4.673
-0.020,-0.047,0.962
0.053,-0.136,-0.500
1.212,-2.789,119.756
-----
11492
5.154,2.030,1.803
-0.023,-0.064,1.054
0.055,-0.132,-0.498
1.238,-3.494,121.191
-----
11611
7.122,-8.767,6.536
-0.037,-0.053,0.880
0.058,-0.128,-0.504
2.385,-3.443,123.029
-----
11727
5.460,0.858,7.569
-0.004,-0.135,0.977
0.054,-0.120,-0.497
0.220,-7.889,122.958
-----
11850
4.287,3.789,2.467
0.062,-0.003,1.066
0.052,-0.122,-0.506
-3.343,-0.157,121.842
-----
11970
7.061,12.285,2.004
0.044,-0.036,1.026
0.060,-0.123,-0.503
-2.439,-1.995,124.752
-----
12085
0.534,-11.060,6.554
-0.340,-0.119,0.848
0.049,-0.113,-0.507
21.645,-7.993,122.105
-----
12204
0.289,0.674,-8.129
0.145,-0.154,0.988
0.061,-0.113,-0.509
-8.266,-8.884,126.822
-----
12323
-2.739,5.075,4.664
-0.003,-0.045,1.116
0.052,-0.118,-0.508
0.156,-2.326,122.245
-----
12445
7.735,-10.342,6.676
-0.146,-0.147,0.843
0.053,-0.117,-0.504
9.651,-9.911,122.739
-----
12564
-1.706,15.759,8.172
0.095,-0.027,1.053
0.050,-0.118,-0.505
-5.133,-1.480,121.779
-----
12681
3.203,2.082,5.390
-0.076,-0.096,1.092
0.050,-0.113,-0.499
3.950,-5.002,122.523
-----
12801
-6.799,5.434,-1.680
-0.050,0.001,0.831
0.043,-0.118,-0.501
3.458,0.059,118.427
-----
12919
5.889,1.837,-5.976
-0.124,-0.053,0.984
0.051,-0.122,-0.499
7.150,-3.101,121.148
-----
13039
8.453,3.281,3.080
-0.118,-0.159,0.993
0.054,-0.122,-0.501
6.710,-9.101,122.500
-----
13155
5.722,12.976,0.009
-0.171,-0.077,1.034
0.048,-0.120,-0.500
9.378,-4.241,120.324
-----
13274
3.544,4.401,7.787
0.007,-0.068,0.903
0.056,-0.126,-0.501
-0.413,-4.281,122.696
-----
13392
7.332,-17.824,8.382
-0.356,-0.100,0.813
0.050,-0.115,-0.506
23.507,-6.978,122.147
-----
13509
-2.564,22.382,-5.924
0.106,-0.096,1.018
0.061,-0.112,-0.503
-5.941,-5.379,127.366
-----
13648
4.699,-14.630,1.610
-0.071,-0.119,1.044
0.061,-0.119,-0.497
3.847,-6.492,125.843
-----
13773
-6.361,-23.468,1.295
-0.467,-0.042,0.851
0.046,-0.123,-0.487
28.757,-2.800,119.157
-----
13892
12.373,3.693,-7.394
-0.013,-0.114,1.089
0.060,-0.124,-0.495
0.657,-5.972,124.573
-----
14008
0.683,-3.946,12.276
-0.104,-0.178,0.956
0.056,-0.122,-0.495
6.094,-10.557,123.113
-----
14127
-0.709,12.871,-0.105
-0.115,0.039,0.830
0.046,-0.128,-0.496
7.847,2.705,118.230
-----
14246
0.770,-14.324,14.490
-0.168,-0.043,0.936
0.048,-0.118,-0.492
10.170,-2.654,120.720
-----
14365
3.360,-2.406,-3.080
-0.216,-0.066,0.985
0.039,-0.120,-0.489
12.319,-3.862,116.634
-----
14481
1.391,14.350,-0.788
-0.000,-0.087,1.137
0.048,-0.125,-0.501
0.006,-4.355,119.424
-----
14601
2.852,3.421,0.114
-0.028,-0.030,1.002
0.046,-0.125,-0.496
1.589,-1.725,118.897
-----
14720
-2.791,12.163,0.455
-0.348,-0.109,0.985
0.040,-0.126,-0.491
19.377,-6.324,116.438
-----
14842
2.118,5.889,3.027
-0.004,-0.051,1.071
0.052,-0.123,-0.493
0.218,-2.745,121.329
-----
14959
-2.450,19.267,0.814
-0.192,-0.080,0.966
0.053,-0.126,-0.488
11.189,-4.706,121.286
-----
15075
2.074,-3.141,7.376
-0.250,-0.037,0.992
0.056,-0.124,-0.492
14.160,-2.142,122.980
-----
15194
3.194,-11.340,-2.345
-0.329,-0.111,0.961
0.057,-0.124,-0.489
18.798,-6.612,123.141
-----
15313
1.173,-6.563,1.523
-0.125,-0.011,0.964
0.059,-0.131,-0.484
7.413,-0.660,122.713
-----
15432
1.724,-2.800,0.061
-0.427,-0.103,0.956
0.054,-0.125,-0.487
23.944,-6.124,122.027
-----
15555
-0.219,11.288,13.335
-0.411,-0.120,0.810
0.052,-0.126,-0.488
26.668,-8.422,120.941
-----
15672
4.646,-11.095,9.844
-0.277,-0.054,1.032
0.064,-0.123,-0.486
14.983,-2.974,125.949
-----
15792
1.654,6.370,6.352
-0.437,-0.086,0.889
0.052,-0.118,-0.491
26.068,-5.539,122.373
-----
15910
2.266,2.564,6.099
-0.213,-0.074,1.002
0.056,-0.116,-0.492
11.975,-4.195,124.307
-----
16027
1.899,4.253,7.490
-0.328,-0.000,0.993
0.051,-0.124,-0.491
18.253,-0.021,121.149
-----
16149
-0.788,10.150,2.328
-0.250,-0.051,1.015
0.054,-0.118,-0.496
13.820,-2.869,123.121
-----
16269
-1.365,0.892,10.159
-0.214,-0.088,1.008
0.058,-0.111,-0.486
11.937,-4.994,126.175
-----
16385
1.977,-0.919,7.227
-0.332,-0.017,0.984
0.048,-0.114,-0.491
18.620,-0.995,121.414
-----
16504
4.314,1.881,-1.383
-0.355,-0.048,0.991
0.048,-0.114,-0.502
19.682,-2.786,121.524
-----
16623
2.030,-2.747,-0.411
-0.297,-0.041,0.918
0.049,-0.113,-0.501
17.943,-2.569,122.045
-----
16746
0.219,-0.665,-10.868
-0.349,-0.024,0.957
0.046,-0.118,-0.493
20.029,-1.428,119.663
-----
16862
1.496,2.135,-4.375
-0.217,-0.052,0.992
0.057,-0.117,-0.494
12.320,-2.992,124.622
-----
16982
1.523,6.738,-2.144
-0.200,-0.107,0.971
0.058,-0.122,-0.497
11.577,-6.264,123.898
-----
17100
2.310,1.102,-0.280
-0.240,-0.031,0.965
0.056,-0.121,-0.498
13.964,-1.840,123.532
-----
17219
2.065,-0.070,-3.106
-0.250,-0.095,0.979
0.054,-0.118,-0.493
14.274,-5.545,122.937
-----
17339
0.683,7.105,4.699
-0.187,-0.060,0.932
0.059,-0.122,-0.494
11.291,-3.706,124.535
-----
17456
1.846,-0.262,7.149
-0.158,-0.108,0.975
0.059,-0.113,-0.496
9.162,-6.315,126.101
-----
17573
-1.269,3.430,7.350
-0.147,-0.102,0.960
0.057,-0.117,-0.493
8.641,-6.063,124.319
-----
17693
-8.050,3.771,12.302
-0.135,-0.046,0.943
0.049,-0.118,-0.496
8.110,-2.815,121.079
-----
17809
-2.756,-3.631,13.834
-0.053,-0.066,0.987
0.048,-0.119,-0.494
3.054,-3.841,120.626
-----
17931
1.470,-1.934,11.533
-0.043,-0.054,0.974
0.048,-0.121,-0.499
2.531,-3.150,120.175
-----
18051
2.450,5.206,11.217
-0.132,-0.025,1.009
0.039,-0.125,-0.489
7.450,-1.444,115.872
-----
18170
7.455,0.814,3.027
-0.088,-0.117,1.002
0.039,-0.113,-0.498
4.979,-6.642,117.590
-----
18289
0.184,9.774,-1.391
0.034,-0.026,1.007
0.041,-0.116,-0.489
-1.939,-1.454,118.107
-----
18404
0.385,11.646,11.882
-0.010,-0.052,1.080
0.038,-0.114,-0.484
0.517,-2.781,117.100
-----
18524
4.139,-0.175,4.279
0.009,-0.083,0.967
0.042,-0.116,-0.492
-0.540,-4.888,118.352
-----
18646
4.786,-8.733,-5.810
0.041,-0.053,0.928
0.039,-0.115,-0.483
-2.541,-3.251,117.413
-----
18764
3.535,-3.342,0.350
-0.074,-0.153,0.947
0.036,-0.114,-0.488
4.409,-9.155,116.274
-----
18881
-0.411,-5.443,-8.339
-0.014,0.003,0.942
0.039,-0.117,-0.487
0.879,0.185,117.200
-----
19000
11.226,-2.459,0.884
-0.129,-0.178,0.983
0.036,-0.116,-0.492
7.383,-10.289,115.756
-----
19119
3.832,10.413,-6.081
0.097,-0.077,0.973
0.056,-0.111,-0.491
-5.690,-4.539,125.203
-----
19241
-0.350,-0.613,8.172
-0.045,-0.107,1.022
0.055,-0.110,-0.491
2.497,-5.995,125.378
-----
19361
-2.152,0.481,6.160
-0.093,-0.139,1.000
0.055,-0.117,-0.494
5.263,-7.887,123.702
-----
19481
-1.138,14.709,4.655
0.196,-0.087,1.065
0.061,-0.120,-0.493
-10.394,-4.658,125.758
-----
19599
-6.921,2.852,11.918
0.057,0.001,1.023
0.062,-0.124,-0.488
-3.174,0.075,125.119
-----
19715
6.361,-3.579,5.215
0.110,-0.057,0.914
0.061,-0.122,-0.493
-6.827,-3.592,125.303
-----
19834
-3.789,-4.454,18.060
-0.073,-0.037,0.974
0.042,-0.119,-0.489
4.306,-2.195,118.136
-----
19953
1.540,0.499,5.880
0.122,0.036,1.039
0.043,-0.126,-0.488
-6.708,2.008,117.527
-----
20069
2.555,4.200,-11.043
-0.126,-0.029,1.058
0.039,-0.130,-0.487
6.808,-1.589,115.313
-----
20188
6.589,1.829,-12.460
-0.046,-0.043,1.028
0.049,-0.130,-0.489
2.580,-2.419,119.001
-----
20307
6.790,2.467,-3.325
-0.129,0.030,0.782
0.055,-0.124,-0.493
9.380,2.177,122.537
-----
20430
-3.185,-9.074,5.784
0.138,-0.015,1.128
0.057,-0.122,-0.496
-6.988,-0.781,123.647
-----
20549
8.356,6.816,-0.131
0.082,-0.215,1.037
0.054,-0.117,-0.498
-4.404,-11.738,123.173
-----
20665
-9.651,13.073,-12.250
0.057,-0.121,1.026
0.056,-0.123,-0.491
-3.174,-6.718,123.078
-----
20784
-1.067,-1.873,7.761
-0.183,-0.193,1.014
0.063,-0.131,-0.487
10.034,-10.757,124.283
-----
20902
-8.251,10.552,16.914
-0.109,-0.006,0.767
0.060,-0.136,-0.491
8.054,-0.447,122.219
-----
21025
-9.074,6.597,21.718
0.098,0.038,1.260
0.067,-0.139,-0.487
-4.431,1.739,124.193
-----
21144
-1.794,-4.944,10.666
-0.197,-0.003,0.704
0.053,-0.139,-0.479
15.635,-0.248,119.439
-----
21261
6.029,17.045,4.506
0.145,0.022,1.100
0.059,-0.141,-0.488
-7.520,1.170,121.212
-----
21381
6.449,-0.438,-2.170
-0.165,-0.007,1.021
0.060,-0.136,-0.487
9.163,-0.400,122.175
-----
21499
9.301,-1.908,4.130
-0.286,0.038,0.954
0.050,-0.135,-0.481
16.680,2.296,119.038
-----
21622
10.019,4.392,4.060
0.101,-0.145,0.965
0.057,-0.127,-0.487
-5.887,-8.565,122.689
-----
21741
7.455,13.720,-7.805
-0.093,-0.083,1.063
0.058,-0.119,-0.494
4.980,-4.466,124.524
-----
21858
2.433,7.577,-3.684
-0.021,-0.110,0.980
0.067,-0.123,-0.488
1.208,-6.395,127.044
-----
21978
6.965,-0.429,6.746
-0.110,-0.238,0.976
0.074,-0.116,-0.494
6.266,-13.707,130.882
-----
22096
-8.278,10.369,19.513
0.003,-0.090,1.085
0.068,-0.119,-0.485
-0.148,-4.739,128.528
-----
22213
-4.148,-3.308,12.871
-0.084,0.006,0.930
0.062,-0.125,-0.483
5.185,0.368,124.913
-----
22332
7.105,17.666,2.389
0.027,-0.045,1.100
0.056,-0.123,-0.490
-1.383,-2.317,122.999
-----
22451
4.664,-0.928,-3.465
-0.235,-0.044,1.023
0.062,-0.122,-0.483
12.920,-2.478,125.644
-----
22571
4.401,3.710,-2.572
-0.065,-0.053,0.936
0.061,-0.125,-0.484
3.983,-3.234,124.398
-----
22689
3.553,-9.730,-0.455
-0.238,-0.115,0.864
0.067,-0.125,-0.487
15.295,-7.578,126.759
-----
22808
0.087,18.524,4.182
0.111,-0.106,0.997
0.070,-0.121,-0.489
-6.315,-6.045,128.546
-----
22928
2.319,-1.102,10.474
-0.129,0.020,1.088
0.068,-0.120,-0.494
6.767,1.060,128.071
-----
23045
2.398,4.209,-1.295
-0.033,-0.038,1.016
0.063,-0.120,-0.483
1.839,-2.163,126.306
-----
23162
-5.845,19.819,-2.896
-0.009,-0.065,1.175
0.072,-0.124,-0.484
0.436,-3.181,128.735
-----
23282
7.201,-5.950,6.641
-0.222,-0.183,0.929
0.068,-0.117,-0.488
13.209,-11.159,128.589
-----
23399
-6.501,22.829,5.670
0.125,0.001,1.103
0.071,-0.117,-0.486
-6.463,0.048,129.896
-----
23518
9.161,-16.896,10.509
-0.112,-0.088,1.008
0.076,-0.114,-0.483
6.325,-4.972,132.221
-----
23638
2.572,9.310,2.398
-0.079,-0.033,0.992
0.070,-0.114,-0.483
4.531,-1.894,130.172
-----
23756
4.174,-14.341,0.324
-0.049,-0.071,0.988
0.076,-0.111,-0.475
2.844,-4.116,132.901
-----
23875
6.370,11.288,2.039
-0.114,-0.050,0.859
0.063,-0.110,-0.484
7.540,-3.307,128.545
-----
23991
-0.429,17.955,1.566
0.157,-0.045,1.114
0.067,-0.110,-0.482
-8.006,-2.333,130.045
-----
24111
15.715,-48.983,-5.661
-0.800,-0.194,0.762
0.061,-0.109,-0.482
45.487,-14.298,127.722
-----
24230
-0.376,-2.240,-1.076
-0.724,-0.160,0.776
0.051,-0.110,-0.478
42.408,-11.670,123.581
-----
24348
4.725,8.365,-7.096
0.060,-0.227,1.095
0.070,-0.111,-0.480
-3.053,-11.713,130.915
-----
24465
-1.881,3.474,1.908
-0.399,-0.079,0.848
0.064,-0.109,-0.478
25.078,-5.293,128.978
-----
24582
3.045,-14.376,4.331
-0.436,-0.048,0.915
0.056,-0.108,-0.473
25.467,-2.997,125.942
-----
24704
2.310,4.839,8.689
-0.242,-0.101,1.141
0.052,-0.106,-0.481
11.925,-5.064,124.780
-----
24823
0.551,11.655,6.676
-0.275,-0.068,0.983
0.047,-0.109,-0.478
15.605,-3.978,121.646
-----
24942
6.204,-7.245,7.761
-0.270,-0.105,0.994
0.050,-0.106,-0.476
15.118,-6.002,123.642
-----
25058
2.765,-3.535,8.960
-0.505,-0.084,0.941
0.043,-0.103,-0.465
28.123,-5.113,121.128
-----
25177
-2.485,7.070,4.086
-0.234,-0.076,0.977
0.046,-0.103,-0.465
13.441,-4.435,122.319
-----
25296
2.030,8.444,-1.321
-0.213,-0.091,1.001
0.047,-0.105,-0.466
11.954,-5.205,122.811
-----
25418
2.957,-16.030,1.995
-0.549,-0.086,0.855
0.041,-0.103,-0.469
32.569,-5.718,120.422
-----
25537
1.908,-1.391,-4.296
-0.296,-0.105,0.948
0.045,-0.106,-0.469
17.222,-6.342,121.669
-----
25654
1.680,-2.651,-3.745
-0.282,-0.097,0.956
0.046,-0.105,-0.473
16.362,-5.792,122.386
-----
25773
3.421,-0.026,-4.891
-0.301,-0.105,0.962
0.047,-0.100,-0.470
17.293,-6.204,123.916
-----
25891
5.066,3.115,0.376
-0.258,-0.142,0.967
0.051,-0.101,-0.470
14.789,-8.362,125.525
-----
26014
-3.150,5.311,10.561
-0.171,-0.105,0.949
0.053,-0.108,-0.464
10.147,-6.303,124.816
-----
26133
-1.365,-5.521,16.782
-0.269,-0.077,0.981
0.051,-0.108,-0.466
15.271,-4.484,123.824
-----
26250
-1.942,-1.304,7.079
-0.285,-0.080,0.950
0.036,-0.103,-0.462
16.650,-4.800,117.596
-----
26369
-1.146,3.141,-2.118
-0.237,-0.086,0.985
0.036,-0.109,-0.468
13.473,-4.967,116.749
-----
26487
-2.546,-5.101,-1.111
-0.284,-0.075,0.997
0.037,-0.107,-0.459
15.870,-4.275,117.622
-----
26626
-2.126,5.381,-5.084
-0.280,-0.096,0.960
0.036,-0.114,-0.462
16.205,-5.700,116.250
-----
26745
1.531,-3.273,-5.416
-0.268,-0.112,0.990
0.040,-0.117,-0.458
15.047,-6.436,117.424
-----
26865
-0.018,0.954,-11.349
-0.249,-0.038,0.984
0.046,-0.123,-0.455
14.198,-2.187,118.956
-----
26984
-5.661,-4.069,3.421
-0.304,0.121,1.060
0.038,-0.130,-0.459
15.902,6.532,115.063
-----
27100
2.301,10.710,9.905
-0.081,0.050,1.020
0.042,-0.132,-0.456
4.531,2.826,116.318
-----
27229
4.279,-3.964,-1.138
-0.159,0.027,0.947
0.040,-0.130,-0.460
9.511,1.630,115.635
-----
27348
3.955,4.008,9.966
-0.104,-0.020,1.015
0.043,-0.123,-0.458
5.820,-1.156,117.754
-----
27467
-3.841,3.675,2.319
-0.197,0.070,0.995
0.040,-0.126,-0.455
11.169,3.996,116.269
-----
27586
3.316,-1.750,8.663
-0.176,-0.003,0.997
0.037,-0.130,-0.453
10.001,-0.144,114.550
-----
27703
1.505,5.346,-3.080
-0.161,-0.050,0.993
0.040,-0.126,-0.452
9.190,-2.877,116.188
-----
27822
2.362,-2.949,-5.898
-0.197,-0.035,1.022
0.040,-0.127,-0.460
10.933,-1.983,116.175
-----
27941
-1.890,4.419,3.325
-0.154,-0.025,0.979
0.048,-0.131,-0.456
8.924,-1.471,118.617
-----
28061
1.619,1.199,1.383
-0.123,-0.032,1.001
0.050,-0.131,-0.463
7.015,-1.836,119.417
-----
28179
1.558,4.909,7.385
-0.102,-0.017,0.978
0.049,-0.132,-0.460
5.934,-1.015,119.123
-----
28295
2.249,-24.456,-3.019
-0.207,-0.028,0.957
0.040,-0.132,-0.453
12.177,-1.687,115.486
-----
28414
-3.780,-28.875,16.065
-0.190,0.046,0.961
0.018,-0.134,-0.445
11.192,2.764,106.281
-----
28534
8.190,-37.083,13.676
-0.333,-0.036,0.961
-0.018,-0.125,-0.430
19.085,-2.163,90.270
-----
28654
3.404,-19.136,1.601
-0.450,-0.092,0.945
-0.040,-0.113,-0.420
25.370,-5.534,78.980
-----
28770
-2.537,6.405,-4.174
-0.400,-0.017,0.930
-0.048,-0.119,-0.417
23.263,-1.030,76.825
-----
28890
-6.160,2.739,-7.245
-0.251,0.042,0.924
-0.044,-0.122,-0.419
15.164,2.578,78.751
-----
29008
2.161,-7.026,14.184
-0.334,-0.007,0.944
-0.053,-0.132,-0.413
19.484,-0.418,76.758
-----
29131
-0.814,-7.884,1.102
-0.385,-0.052,0.927
-0.059,-0.125,-0.408
22.547,-3.203,73.181
-----
29249
-0.455,-6.545,3.404
-0.436,0.056,0.932
-0.063,-0.133,-0.401
25.047,3.439,73.161
-----
29365
3.535,8.680,-0.665
-0.453,0.005,0.936
-0.065,-0.138,-0.405
25.810,0.276,73.474
-----
29485
3.955,0.394,3.194
-0.449,0.013,0.948
-0.058,-0.134,-0.406
25.360,0.785,75.288
-----
29603
0.096,5.661,8.916
-0.399,-0.003,0.932
-0.060,-0.133,-0.415
23.195,-0.169,74.433
-----
29726
1.916,7.577,5.276
-0.417,0.023,0.914
-0.060,-0.134,-0.412
24.512,1.471,74.335
-----
29843
5.145,2.214,3.220
-0.456,-0.012,0.919
-0.056,-0.131,-0.410
26.421,-0.738,75.514
-----
29962
6.484,2.678,7.385
-0.392,-0.032,0.918
-0.059,-0.128,-0.417
23.088,-2.001,73.845
-----
30082
0.788,-0.280,7.472
-0.394,-0.062,0.925
-0.063,-0.123,-0.398
23.025,-3.829,71.573
-----
30197
-1.146,-3.176,4.839
-0.471,-0.027,0.923
-0.064,-0.127,-0.405
27.024,-1.699,71.914
-----
