549
-1.383,30.144,-3.019
-0.181,0.312,0.916
0.000,0.000,0.000
10.608,18.834,8.580
-----
687
1.409,1.111,2.765
-0.198,0.287,0.910
0.313,-0.186,-0.516
11.707,17.496,157.870
-----
806
2.310,0.928,2.520
-0.179,0.305,0.900
0.309,-0.185,-0.514
10.658,18.711,157.681
-----
922
2.240,0.236,3.868
-0.185,0.294,0.910
0.304,-0.186,-0.515
10.945,17.902,157.142
-----
1039
1.181,1.846,3.412
-0.199,0.313,0.914
0.303,-0.187,-0.509
11.627,18.915,156.905
-----
1157
0.569,3.203,3.876
-0.189,0.317,0.907
0.306,-0.188,-0.515
11.129,19.275,157.046
-----
1280
-0.665,0.464,7.350
-0.186,0.344,0.927
0.299,-0.188,-0.510
10.668,20.338,156.401
-----
1398
2.371,0.761,3.351
-0.116,0.346,0.915
0.304,-0.189,-0.519
6.775,20.701,156.743
-----
1518
-5.364,14.350,-1.514
-0.119,0.488,0.957
0.305,-0.192,-0.514
6.342,27.012,156.334
-----
1635
7.569,-17.570,8.969
-0.121,0.184,0.830
0.302,-0.184,-0.515
8.111,12.519,157.228
-----
1754
1.934,11.996,13.528
-0.244,0.152,0.857
0.293,-0.177,-0.522
15.681,10.036,157.467
-----
1876
-12.819,-37.354,8.137
-0.275,0.321,1.406
0.278,-0.190,-0.521
10.794,12.871,154.176
-----
1993
21.927,3.693,96.784
-0.412,0.387,1.193
0.240,-0.188,-0.511
18.173,17.956,150.500
-----
2112
35.472,-44.196,101.080
-0.462,-0.081,0.764
0.169,-0.148,-0.516
31.031,-6.028,147.347
-----
2232
-32.217,-41.790,62.851
-0.297,-0.001,0.869
0.104,-0.134,-0.516
18.849,-0.084,136.347
-----
2351
-32.436,-66.526,70.499
-0.646,0.138,0.715
0.022,-0.140,-0.494
41.584,10.956,107.520
-----
2475
-15.776,-7.175,67.970
-0.752,-0.061,0.599
-0.044,-0.129,-0.453
51.313,-5.805,79.848
-----
2590
-36.925,-34.746,61.136
-0.894,0.060,0.572
-0.087,-0.123,-0.435
57.253,6.037,63.352
-----
2710
-16.817,26.119,86.861
-0.757,-0.016,0.456
-0.128,-0.110,-0.419
58.915,-1.992,49.279
-----
2830
-38.605,42.429,76.738
-0.467,-0.131,0.513
-0.128,-0.082,-0.427
41.415,-14.325,41.214
-----
2949
-49.455,46.813,43.015
-0.156,-0.214,0.622
-0.102,-0.081,-0.435
13.376,-19.006,46.855
-----
3073
-9.030,8.715,0.166
-0.508,0.431,1.518
-0.087,-0.126,-0.426
17.847,15.844,64.031
-----
3188
-35.621,8.068,6.379
-0.413,-0.286,0.675
-0.081,-0.114,-0.432
29.394,-22.970,63.076
-----
3308
47.443,19.548,-12.460
-0.704,-0.135,0.358
-0.062,-0.174,-0.417
61.515,-20.650,79.130
-----
3428
48.265,46.533,14.621
-0.137,-0.276,1.044
-0.016,-0.139,-0.463
7.227,-14.831,92.195
-----
3544
8.601,20.913,8.750
-0.322,0.009,1.047
-0.005,-0.133,-0.463
17.079,0.477,96.294
-----
3663
13.064,24.657,43.260
-0.219,-0.330,0.888
0.005,-0.123,-0.475
13.012,-20.412,100.788
-----
3779
-27.869,1.908,65.686
-0.383,0.026,0.947
0.000,-0.118,-0.478
22.008,1.587,8.580
-----
3899
-1.689,16.993,39.620
-0.260,0.029,0.979
-0.016,-0.115,-0.473
14.884,1.688,90.675
-----
4015
8.890,9.966,31.946
-0.157,-0.111,0.959
-0.015,-0.101,-0.479
9.250,-6.620,89.960
-----
4131
2.240,2.039,42.560
-0.250,-0.097,0.944
-0.015,-0.081,-0.480
14.773,-5.875,88.336
-----
4251
1.286,3.447,37.231
-0.247,-0.122,0.964
-0.026,-0.066,-0.484
14.258,-7.231,76.736
-----
4374
-6.291,13.545,33.653
-0.183,-0.148,0.998
-0.030,-0.035,-0.490
10.299,-8.409,58.129
-----
4493
-4.104,20.755,15.041
-0.048,-0.086,0.953
-0.019,-0.046,-0.488
2.858,-5.140,76.059
-----
4612
-3.780,9.599,-0.053
-0.037,-0.058,0.979
-0.006,-0.047,-0.496
2.158,-3.372,90.853
-----
4728
3.378,1.925,-12.863
-0.095,-0.090,0.973
-0.000,-0.058,-0.489
5.536,-5.279,98.167
-----
4848
1.347,11.847,-29.225
-0.143,-0.177,0.974
0.018,-0.064,-0.493
8.236,-10.322,113.910
-----
4971
-6.921,-0.009,-20.326
-0.060,-0.118,0.958
0.039,-0.083,-0.494
3.532,-7.033,123.618
-----
5087
6.169,-0.770,-8.741
-0.092,-0.028,1.014
0.032,-0.089,-0.496
5.169,-1.572,118.086
-----
5206
3.299,7.875,-1.286
-0.021,-0.158,0.957
0.036,-0.087,-0.504
1.260,-9.359,120.965
-----
5324
-0.770,7.971,-15.925
-0.259,-0.158,0.981
0.043,-0.098,-0.499
14.617,-9.148,122.299
-----
5441
2.730,1.383,-18.296
-0.206,-0.035,0.952
0.047,-0.107,-0.495
12.170,-2.113,122.158
-----
5560
0.665,-0.989,-17.019
-0.037,-0.234,0.929
0.053,-0.113,-0.492
2.213,-14.126,123.422
-----
5679
-3.203,-7.411,-7.184
-0.052,-0.121,1.062
0.053,-0.116,-0.493
2.781,-6.519,123.237
-----
5797
10.439,6.501,-13.116
-0.135,-0.043,0.924
0.054,-0.121,-0.482
8.277,-2.675,122.561
-----
5917
4.043,-1.558,1.732
-0.202,-0.063,0.887
0.052,-0.119,-0.488
12.799,-4.059,122.248
-----
6037
8.785,1.505,-5.863
-0.033,-0.101,1.001
0.052,-0.116,-0.486
1.904,-5.761,122.716
-----
6156
1.628,10.623,-3.054
-0.012,-0.073,0.935
0.060,-0.115,-0.493
0.738,-4.464,126.114
-----
6275
-1.829,17.167,-12.163
0.015,0.003,0.952
0.070,-0.121,-0.494
-0.877,0.173,128.845
-----
6394
2.660,-8.811,6.186
-0.122,-0.012,0.990
0.075,-0.121,-0.494
7.055,-0.667,130.484
-----
6513
0.595,13.773,-6.676
-0.083,-0.193,0.985
0.072,-0.122,-0.495
4.709,-11.108,129.186
-----
6629
-1.330,-1.724,8.951
-0.028,-0.033,1.117
0.076,-0.127,-0.495
1.447,-1.698,129.637
-----
6748
9.538,-6.221,-4.025
-0.109,-0.248,0.907
0.063,-0.123,-0.493
6.589,-15.316,125.821
-----
6864
-6.571,3.168,9.529
0.131,-0.038,1.091
0.064,-0.129,-0.493
-6.843,-1.986,124.871
-----
6984
3.640,3.911,19.513
0.161,-0.087,1.014
0.058,-0.125,-0.493
-9.006,-4.888,123.432
-----
7102
3.412,-0.236,15.313
-0.048,-0.099,0.943
0.048,-0.117,-0.488
2.879,-5.981,121.112
-----
7218
-1.803,2.888,12.031
-0.112,0.019,0.948
0.044,-0.119,-0.484
6.729,1.161,118.677
-----
7337
10.238,13.204,5.215
0.153,-0.023,1.058
0.056,-0.116,-0.496
-8.233,-1.239,124.282
-----
7459
8.033,13.501,5.320
0.140,-0.148,1.136
0.056,-0.109,-0.491
-6.980,-7.416,125.763
-----
7578
6.641,-20.282,-1.697
-0.210,-0.185,0.894
0.051,-0.106,-0.491
12.947,-11.707,124.169
-----
7695
2.476,16.468,-1.794
-0.124,-0.110,0.948
0.053,-0.110,-0.491
7.373,-6.620,124.321
-----
7811
1.916,1.531,8.741
0.209,-0.158,1.115
0.068,-0.112,-0.496
-10.514,-8.077,129.701
-----
7929
0.726,7.017,4.594
-0.103,-0.029,0.889
0.048,-0.118,-0.491
6.582,-1.863,120.686
-----
8049
-4.034,-12.801,5.775
-0.096,-0.059,0.993
0.053,-0.114,-0.490
5.489,-3.375,123.400
-----
8165
-8.916,12.976,5.696
-0.022,-0.042,1.012
0.051,-0.119,-0.488
1.252,-2.371,121.648
-----
8282
-2.818,1.102,3.938
-0.105,-0.002,0.915
0.056,-0.129,-0.482
6.527,-0.122,122.167
-----
8401
3.859,20.300,-4.261
-0.015,-0.032,1.113
0.066,-0.127,-0.495
0.760,-1.661,126.100
-----
8520
5.233,-4.314,1.374
-0.283,0.024,0.963
0.071,-0.126,-0.484
16.383,1.422,127.910
-----
8642
14.543,14.840,-10.570
-0.036,-0.097,0.942
0.078,-0.123,-0.491
2.155,-5.906,130.900
-----
8758
6.554,-8.234,0.140
-0.034,-0.136,0.908
0.089,-0.118,-0.499
2.093,-8.544,135.668
-----
8878
5.609,11.104,0.114
0.208,-0.303,0.994
0.095,-0.108,-0.509
-11.308,-16.959,139.918
-----
8996
-5.985,-4.568,4.996
0.149,-0.150,0.997
0.095,-0.112,-0.510
-8.387,-8.555,138.861
-----
9115
-13.790,-5.924,11.996
-0.088,-0.148,1.025
0.079,-0.123,-0.506
4.838,-8.218,131.282
-----
9235
-4.778,-10.631,18.069
-0.208,-0.122,0.996
0.064,-0.131,-0.506
11.706,-6.969,124.726
-----
9352
-13.685,-5.854,5.267
-0.189,-0.058,0.821
0.055,-0.137,-0.491
12.946,-4.028,120.644
-----
9469
-4.541,23.817,17.036
0.060,-0.000,1.040
0.056,-0.141,-0.491
-3.328,-0.013,120.244
-----
9589
0.490,-17.780,11.296
-0.087,0.075,0.884
0.058,-0.144,-0.482
5.587,4.823,120.362
-----
9709
0.665,6.869,3.824
0.070,0.028,1.009
0.052,-0.143,-0.495
-3.964,1.589,118.432
-----
9828
11.804,-11.358,-3.684
-0.194,-0.018,1.133
0.056,-0.138,-0.493
9.698,-0.885,120.491
-----
9947
4.620,14.989,-1.278
-0.140,-0.092,0.878
0.041,-0.135,-0.497
9.015,-6.006,115.616
-----
10063
9.887,25.970,-8.313
0.219,-0.100,1.123
0.063,-0.132,-0.497
-10.993,-5.091,124.119
-----
10183
6.528,-11.384,6.090
-0.511,-0.081,0.735
0.053,-0.127,-0.495
34.626,-6.281,121.357
-----
10302
6.282,20.851,-0.534
0.217,-0.251,1.137
0.069,-0.123,-0.504
-10.554,-12.448,127.882
-----
10419
-1.181,-17.001,7.131
-0.079,-0.050,0.814
0.069,-0.127,-0.504
5.554,-3.530,127.084
-----
10541
3.841,-8.584,2.170
-0.271,-0.162,0.973
0.061,-0.124,-0.501
15.343,-9.447,124.860
-----
10660
1.269,15.759,6.379
-0.039,-0.063,0.922
0.057,-0.132,-0.505
2.412,-3.888,121.757
-----
10779
0.866,13.676,7.560
-0.056,-0.100,0.970
0.069,-0.138,-0.499
3.273,-5.861,125.285
-----
10895
2.118,-2.555,4.568
0.117,0.028,1.120
0.076,-0.138,-0.498
-5.985,1.454,127.313
-----
11011
7.227,2.082,5.793
-0.306,-0.013,0.703
0.062,-0.135,-0.499
23.524,-1.069,123.340
-----
11133
16.170,5.512,-0.079
0.234,-0.134,1.282
0.075,-0.134,-0.503
-10.310,-5.979,127.909
-----
11252
7.892,0.009,1.400
-0.853,-0.266,0.684
0.056,-0.117,-0.501
49.284,-21.269,124.208
-----
11371
-1.400,3.946,5.259
-0.099,-0.102,1.083
0.072,-0.123,-0.497
5.207,-5.364,128.974
-----
11488
10.299,-0.831,6.948
-0.513,-0.212,0.849
0.057,-0.119,-0.497
30.370,-13.994,124.278
-----
11608
4.034,11.462,13.204
-0.061,-0.149,1.116
0.067,-0.119,-0.501
3.116,-7.627,128.063
-----
11730
5.617,-16.284,-2.240
-0.446,-0.018,0.795
0.059,-0.117,-0.504
29.295,-1.310,125.445
-----
11846
3.421,22.645,-3.369
-0.244,-0.128,1.015
0.064,-0.111,-0.505
13.393,-7.161,128.535
-----
11965
-2.214,3.159,-1.671
-0.242,-0.135,1.066
0.067,-0.117,-0.501
12.720,-7.242,128.184
-----
12084
-1.505,-17.264,-2.747
-0.549,-0.213,0.827
0.060,-0.119,-0.505
32.733,-14.420,125.522
-----
12200
-0.962,9.170,2.494
-0.269,-0.140,0.970
0.064,-0.117,-0.503
15.354,-8.215,127.238
-----
12322
8.321,-13.860,14.674
-0.333,-0.100,0.940
0.058,-0.123,-0.502
19.422,-6.065,123.954
-----
12442
-4.497,5.276,14.175
-0.268,-0.026,0.986
0.049,-0.127,-0.504
15.176,-1.534,119.613
-----
12558
5.040,10.097,6.318
-0.269,-0.088,0.984
0.049,-0.125,-0.494
15.224,-5.116,119.992
-----
12675
2.013,8.540,3.973
-0.326,-0.052,0.952
0.044,-0.116,-0.493
18.884,-3.151,119.273
-----
12793
2.791,8.365,-1.794
-0.449,-0.001,0.940
0.048,-0.117,-0.495
25.520,-0.082,120.711
-----
12916
6.213,-3.386,-15.724
-0.427,-0.082,0.904
0.045,-0.114,-0.497
25.179,-5.195,120.078
-----
13035
5.101,12.451,-2.467
-0.232,-0.100,0.979
0.059,-0.123,-0.497
13.296,-5.830,124.174
-----
13150
5.101,1.995,5.722
-0.450,-0.152,0.931
0.058,-0.118,-0.498
25.493,-9.269,124.763
-----
13270
-2.870,0.936,11.445
-0.237,-0.090,0.976
0.059,-0.117,-0.497
13.602,-5.265,125.172
-----
13389
0.779,11.288,2.616
-0.135,-0.095,1.062
0.063,-0.115,-0.494
7.224,-5.138,127.230
-----
13507
2.730,-6.702,1.234
-0.435,-0.096,0.907
0.060,-0.114,-0.497
25.520,-6.032,126.150
-----
13627
2.826,5.451,1.321
-0.201,-0.064,0.980
0.060,-0.119,-0.500
11.545,-3.758,125.360
-----
13762
-0.455,4.051,2.896
-0.317,-0.058,0.938
0.062,-0.117,-0.501
18.631,-3.552,126.688
-----
13891
3.640,3.614,-7.262
-0.167,-0.050,0.986
0.068,-0.116,-0.498
9.609,-2.904,129.176
-----
14007
5.609,8.488,-2.319
-0.291,-0.114,0.962
0.073,-0.117,-0.501
16.712,-6.771,130.524
-----
14124
6.274,3.798,-5.443
-0.196,-0.103,0.994
0.079,-0.113,-0.499
11.083,-5.895,133.367
-----
14245
-0.009,-1.050,1.811
-0.243,-0.179,0.923
0.075,-0.113,-0.501
14.491,-10.953,132.336
-----
14365
-0.849,0.271,14.035
-0.264,-0.129,0.971
0.066,-0.109,-0.495
15.058,-7.567,129.707
-----
14481
-6.615,8.085,3.483
-0.191,-0.013,0.962
0.068,-0.116,-0.500
11.245,-0.755,128.819
-----
14597
6.571,2.511,-0.901
-0.035,-0.105,1.035
0.068,-0.113,-0.498
1.907,-5.814,129.669
-----
14715
4.515,1.452,-1.304
-0.023,-0.114,0.952
0.074,-0.117,-0.496
1.352,-6.859,130.812
-----
14838
2.651,-7.945,0.866
-0.147,-0.151,1.049
0.075,-0.107,-0.502
7.899,-8.211,133.577
-----
14957
-4.226,13.335,3.868
0.117,-0.049,1.061
0.072,-0.116,-0.503
-6.293,-2.662,130.380
-----
15076
5.906,3.902,16.573
0.077,-0.170,0.905
0.065,-0.111,-0.502
-4.758,-10.650,128.688
-----
15193
-3.666,-18.069,17.981
0.066,-0.111,1.009
0.048,-0.112,-0.494
-3.736,-6.277,121.856
-----
15312
1.146,-8.444,11.384
-0.065,-0.134,1.048
0.034,-0.103,-0.492
3.532,-7.312,116.618
-----
15435
8.216,0.131,-1.523
0.078,-0.113,0.963
0.034,-0.104,-0.503
-4.602,-6.663,116.506
-----
15551
-0.324,-6.055,1.750
-0.139,-0.212,0.981
0.027,-0.103,-0.498
7.906,-12.176,113.347
-----
15670
-0.166,12.127,21.709
0.121,-0.192,1.049
0.039,-0.102,-0.503
-6.494,-10.358,119.333
-----
15789
-4.568,-13.729,42.018
-0.030,-0.130,0.987
0.022,-0.104,-0.497
1.730,-7.509,110.538
-----
15905
13.116,-10.509,47.688
-0.176,-0.195,0.985
-0.003,-0.082,-0.505
9.957,-11.212,96.325
-----
16027
-2.634,4.296,12.337
-0.016,-0.042,0.972
-0.018,-0.068,-0.492
0.923,-2.457,83.685
-----
16143
7.910,-9.170,15.102
-0.043,-0.072,1.016
-0.024,-0.060,-0.500
2.390,-4.077,76.456
-----
16259
-4.314,5.810,12.259
0.021,-0.106,0.880
-0.029,-0.056,-0.496
-1.364,-6.860,71.164
-----
16375
-0.761,-5.950,-9.170
-0.003,-0.062,1.061
-0.031,-0.055,-0.491
0.151,-3.368,68.945
-----
16494
-7.656,1.663,-34.580
-0.203,-0.114,1.034
-0.027,-0.075,-0.486
11.051,-6.321,78.649
-----
16617
2.441,8.890,-19.644
-0.149,-0.111,1.001
-0.011,-0.091,-0.489
8.437,-6.321,91.477
-----
16734
-3.281,13.265,-28.035
-0.119,-0.106,0.985
0.008,-0.103,-0.486
6.844,-6.120,102.765
-----
16854
8.085,24.343,-26.049
-0.067,-0.101,0.959
0.025,-0.117,-0.492
3.992,-5.985,110.417
-----
16972
5.372,-3.622,-6.650
0.024,-0.119,0.985
0.039,-0.120,-0.499
-1.373,-6.892,116.453
-----
17092
1.391,8.409,-9.459
0.126,-0.201,0.998
0.041,-0.115,-0.493
-7.040,-11.402,118.216
-----
17211
-0.516,4.821,6.291
-0.192,-0.204,1.055
0.045,-0.114,-0.497
10.146,-10.928,120.151
-----
17331
1.461,4.699,18.323
-0.190,-0.189,0.972
0.041,-0.120,-0.491
10.886,-11.016,117.436
-----
17446
-4.559,2.467,13.807
-0.081,-0.053,0.865
0.044,-0.116,-0.499
5.328,-3.523,119.166
-----
17566
1.724,-2.275,14.280
0.019,-0.052,1.005
0.042,-0.116,-0.493
-1.077,-2.953,118.552
-----
17685
-5.766,2.170,12.206
-0.153,0.029,0.891
0.024,-0.116,-0.493
9.744,1.869,110.260
-----
17802
3.666,13.038,-0.140
-0.089,0.009,1.076
0.028,-0.118,-0.495
4.723,0.471,112.135
-----
17924
10.395,5.530,-11.541
-0.136,-0.033,1.056
0.041,-0.109,-0.500
7.353,-1.793,119.039
-----
18042
11.882,13.020,-14.814
-0.079,-0.190,0.794
0.046,-0.104,-0.496
5.561,-13.486,122.571
-----
18159
0.989,-23.835,-3.483
-0.295,-0.210,0.977
0.059,-0.115,-0.499
16.439,-12.138,125.924
-----
18276
-8.680,11.839,-1.654
-0.173,-0.177,0.956
0.047,-0.114,-0.493
10.057,-10.490,121.165
-----
18394
7.499,2.223,7.744
0.144,-0.195,1.141
0.072,-0.124,-0.497
-7.066,-9.671,128.679
-----
18513
-13.221,8.391,15.908
-0.175,0.010,0.752
0.062,-0.121,-0.494
13.119,0.771,125.802
-----
18633
-3.325,2.520,23.327
-0.008,-0.035,0.979
0.068,-0.121,-0.496
0.467,-2.033,127.809
-----
18752
4.436,-8.339,8.479
-0.082,-0.014,1.051
0.057,-0.122,-0.498
4.462,-0.781,123.442
-----
18867
5.329,4.200,5.434
-0.047,-0.005,1.129
0.055,-0.121,-0.499
2.363,-0.272,123.254
-----
18987
6.519,10.010,-18.987
-0.071,-0.039,0.904
0.060,-0.116,-0.495
4.503,-2.493,125.857
-----
19108
8.426,20.956,-9.205
-0.183,-0.217,0.907
0.071,-0.114,-0.496
11.097,-13.459,130.465
-----
19227
8.610,-16.441,-5.854
-0.175,-0.296,1.010
0.082,-0.117,-0.501
9.437,-16.314,133.544
-----
19344
-2.993,4.760,15.181
-0.189,-0.056,1.022
0.070,-0.118,-0.496
10.491,-3.134,129.353
-----
19460
4.830,-0.096,7.219
-0.094,-0.079,1.119
0.071,-0.117,-0.499
4.776,-4.031,129.926
-----
19578
2.555,10.579,-1.409
-0.154,-0.077,0.850
0.073,-0.114,-0.499
10.247,-5.176,131.147
-----
19701
-2.826,15.995,3.727
-0.011,-0.114,1.093
0.081,-0.117,-0.493
0.572,-5.948,133.378
-----
19820
1.671,-7.919,1.785
-0.229,-0.088,1.068
0.077,-0.121,-0.492
12.066,-4.720,131.245
-----
19936
-0.709,28.892,-0.105
0.225,-0.044,1.168
0.078,-0.123,-0.489
-10.913,-2.151,131.064
-----
20056
0.464,-14.735,3.334
-0.257,-0.026,0.865
0.081,-0.121,-0.482
16.546,-1.732,132.423
-----
20171
3.605,15.286,3.141
-0.250,-0.121,1.042
0.082,-0.125,-0.489
13.386,-6.595,132.002
-----
20293
6.134,-25.856,5.084
-0.215,-0.069,0.949
0.087,-0.121,-0.478
12.705,-4.147,134.268
-----
20410
3.019,6.125,7.131
-0.426,-0.103,0.820
0.074,-0.116,-0.484
27.250,-7.191,131.105
-----
20526
1.925,1.347,-0.280
0.036,-0.071,1.055
0.086,-0.119,-0.493
-1.976,-3.840,134.479
-----
20645
2.818,-14.096,-1.671
-0.502,-0.071,0.846
0.074,-0.115,-0.484
30.624,-4.783,131.164
-----
20764
4.646,7.149,2.852
-0.254,-0.089,0.969
0.081,-0.111,-0.484
14.599,-5.263,134.796
-----
20887
3.071,-9.380,1.452
-0.383,-0.119,0.985
0.081,-0.107,-0.486
21.103,-6.908,135.784
-----
21005
1.549,14.892,8.190
-0.253,-0.106,0.959
0.075,-0.108,-0.479
14.687,-6.299,133.356
-----
21125
-1.173,11.323,0.560
-0.188,-0.083,1.050
0.080,-0.105,-0.472
10.099,-4.515,135.889
-----
21244
1.881,4.165,4.358
-0.189,-0.066,1.021
0.088,-0.107,-0.480
10.488,-3.677,137.992
-----
21363
0.245,-15.374,3.946
-0.527,-0.053,0.941
0.075,-0.109,-0.477
29.228,-3.232,133.057
-----
21482
-0.595,5.976,3.789
-0.377,-0.062,1.032
0.067,-0.109,-0.478
20.017,-3.426,130.299
-----
21597
-0.718,1.225,2.013
-0.436,-0.096,0.941
0.066,-0.108,-0.481
24.753,-5.814,130.100
-----
21715
6.746,0.814,-3.491
-0.196,-0.098,0.982
0.074,-0.109,-0.476
11.225,-5.696,132.707
-----
21835
0.271,-25.401,-0.928
-0.377,-0.100,0.867
0.068,-0.108,-0.482
23.356,-6.594,130.579
-----
21955
2.301,1.418,6.037
-0.260,-0.057,0.976
0.065,-0.106,-0.481
14.865,-3.336,130.098
-----
22074
-0.236,-13.186,0.446
-0.506,-0.071,0.873
0.056,-0.111,-0.475
30.027,-4.666,125.290
-----
22194
-1.129,2.634,2.293
-0.273,-0.039,0.963
0.058,-0.111,-0.469
15.830,-2.296,126.377
-----
22312
3.281,0.604,-1.855
-0.293,-0.052,0.983
0.054,-0.110,-0.471
16.557,-3.037,124.735
-----
22431
6.956,-0.403,-2.161
-0.227,-0.124,0.922
0.055,-0.105,-0.480
13.698,-7.682,126.172
-----
22548
2.231,3.859,-7.787
-0.188,-0.170,0.993
0.060,-0.106,-0.474
10.589,-9.688,128.031
-----
22665
4.585,-6.466,0.718
-0.287,-0.167,0.953
0.059,-0.107,-0.476
16.523,-9.960,127.457
-----
22787
-3.001,1.514,8.313
-0.340,-0.143,0.974
0.059,-0.110,-0.478
19.035,-8.368,126.759
-----
22906
-2.459,0.000,4.550
-0.361,-0.115,0.978
0.053,-0.111,-0.474
20.126,-6.702,124.181
-----
23022
-8.155,5.932,0.910
-0.328,-0.101,0.938
0.054,-0.111,-0.469
19.158,-6.133,124.565
-----
23139
1.321,-5.154,-1.278
-0.321,-0.066,0.931
0.058,-0.122,-0.464
18.979,-4.054,124.056
-----
23257
-0.551,2.721,-2.922
-0.326,-0.066,0.963
0.053,-0.123,-0.469
18.663,-3.937,121.779
-----
23380
-2.056,10.124,9.380
-0.207,0.019,0.966
0.050,-0.130,-0.468
12.114,1.122,119.506
-----
23496
-1.313,1.015,2.993
-0.075,-0.038,0.975
0.057,-0.128,-0.470
4.413,-2.202,122.537
-----
23612
-1.041,7.691,4.681
-0.153,0.022,0.967
0.060,-0.127,-0.472
9.003,1.312,124.073
-----
23731
-3.579,-5.040,8.041
-0.235,0.052,1.019
0.054,-0.139,-0.463
12.947,2.925,119.872
-----
23849
5.854,-1.732,16.284
0.088,-0.125,0.995
0.060,-0.129,-0.469
-5.027,-7.132,123.552
-----
23972
-0.858,-45.010,21.122
-0.463,-0.041,0.956
0.014,-0.128,-0.454
25.839,-2.444,104.782
-----
24091
3.885,5.241,-6.221
-0.414,-0.022,0.956
-0.012,-0.121,-0.444
23.394,-1.327,92.784
-----
24208
5.556,14.779,-0.630
-0.297,-0.058,0.947
-0.009,-0.123,-0.455
17.359,-3.519,94.236
-----
24327
8.251,16.231,1.050
-0.214,-0.090,0.972
0.010,-0.114,-0.451
12.358,-5.302,103.583
-----
24446
1.934,4.611,-0.551
-0.213,-0.071,0.977
0.019,-0.113,-0.455
12.254,-4.146,108.054
-----
24568
10.281,-20.230,-18.034
-0.069,-0.071,0.984
0.016,-0.120,-0.461
3.987,-4.156,106.249
-----
24687
0.070,-43.111,-17.736
-0.346,-0.009,0.947
-0.002,-0.124,-0.450
20.054,-0.531,97.674
-----
24804
3.570,-40.057,8.698
-0.397,0.004,0.959
-0.030,-0.132,-0.434
22.495,0.241,85.718
-----
24924
6.510,-13.807,-1.216
-0.520,-0.139,0.915
-0.051,-0.123,-0.431
29.321,-8.660,76.072
-----
25042
-1.951,16.529,-0.009
-0.446,-0.061,0.898
-0.056,-0.121,-0.424
26.362,-3.861,73.687
-----
25166
-5.364,5.688,0.928
-0.411,-0.017,0.926
-0.047,-0.130,-0.433
23.951,-1.026,78.726
-----
25285
3.999,-1.645,10.150
-0.442,-0.001,0.917
-0.045,-0.131,-0.428
25.705,-0.042,79.743
-----
25402
1.479,2.695,6.370
-0.412,-0.045,0.928
-0.049,-0.128,-0.428
23.895,-2.769,77.526
-----
25519
-1.785,-1.313,6.423
-0.397,-0.021,0.924
-0.046,-0.129,-0.424
23.248,-1.275,78.797
-----
25634
-1.768,7.298,-3.316
-0.423,-0.009,0.913
-0.051,-0.132,-0.425
24.866,-0.540,77.534
-----
25753
8.951,3.063,5.338
-0.430,-0.011,0.908
-0.043,-0.133,-0.424
25.348,-0.724,80.724
-----
25873
4.436,-3.054,-0.761
-0.428,-0.043,0.911
-0.043,-0.129,-0.427
25.155,-2.715,80.201
-----
25989
2.476,-2.791,13.064
-0.456,-0.034,0.910
-0.046,-0.124,-0.422
26.612,-2.141,78.272
-----
26105
3.132,1.724,5.276
-0.466,0.020,0.885
-0.046,-0.128,-0.422
27.747,1.291,78.823
-----
26224
2.065,0.788,3.780
-0.450,-0.069,0.918
-0.052,-0.122,-0.425
26.048,-4.311,75.517
-----
26344
1.418,5.023,6.387
-0.396,-0.069,0.918
-0.054,-0.120,-0.420
23.270,-4.309,74.549
-----
26466
2.214,-0.507,1.444
-0.453,-0.059,0.925
-0.048,-0.122,-0.424
26.072,-3.642,76.949
-----
26586
-0.683,0.595,8.855
-0.440,-0.073,0.904
-0.051,-0.119,-0.425
25.905,-4.634,75.390
-----
26701
-1.024,-1.418,7.665
-0.518,-0.022,0.919
-0.057,-0.122,-0.422
29.429,-1.388,73.567
-----
26836
1.811,2.126,4.279
-0.392,-0.061,0.929
-0.059,-0.119,-0.414
22.836,-3.737,72.312
-----
26955
-0.114,-1.452,1.391
-0.402,-0.056,0.890
-0.060,-0.120,-0.428
24.269,-3.580,71.908
-----
27077
-1.033,-1.619,6.563
-0.392,-0.015,0.912
-0.058,-0.124,-0.424
23.260,-0.932,73.662
-----
27193
0.910,-0.569,2.739
-0.500,-0.014,0.891
-0.065,-0.127,-0.422
29.310,-0.902,71.435
-----
27313
1.514,2.503,3.990
-0.441,-0.081,0.899
-0.071,-0.119,-0.415
26.028,-5.162,67.705
-----
