508
-0.980,29.995,-2.905
-0.518,-0.044,0.865
0.000,0.000,0.000
30.874,-2.936,8.580
-----
651
-1.199,2.266,0.989
-0.497,-0.064,0.863
0.032,0.264,-0.460
29.887,-4.257,271.661
-----
766
1.041,2.170,-5.591
-0.499,-0.083,0.862
0.026,0.256,-0.458
29.936,-5.489,272.845
-----
886
4.637,-0.236,-1.138
-0.553,-0.118,0.859
0.017,0.256,-0.452
32.543,-7.794,274.797
-----
1005
2.669,10.955,3.080
-0.444,-0.030,0.852
0.024,0.258,-0.452
27.531,-2.042,273.279
-----
1122
4.077,0.770,2.424
-0.481,-0.121,0.876
0.028,0.266,-0.460
28.565,-7.865,272.654
-----
1241
-1.514,1.575,4.025
-0.514,-0.093,0.874
0.025,0.258,-0.459
30.328,-6.059,273.150
-----
1359
-7.411,3.588,6.650
-0.463,-0.057,0.855
0.024,0.261,-0.452
28.375,-3.807,273.402
-----
1478
-4.664,2.249,-1.426
-0.503,-0.000,0.879
0.019,0.253,-0.464
29.792,-0.008,274.283
-----
1595
-0.709,11.900,0.534
-0.476,0.039,0.886
0.027,0.251,-0.465
28.218,2.524,272.541
-----
1711
9.249,10.124,-0.613
-0.417,-0.052,0.911
0.031,0.252,-0.467
24.584,-3.276,271.494
-----
1833
7.928,-1.356,-5.057
-0.417,-0.085,0.873
0.032,0.261,-0.465
25.432,-5.571,271.694
-----
1950
5.556,-0.604,-12.775
-0.518,-0.084,0.900
0.032,0.259,-0.460
29.832,-5.355,271.581
-----
2070
-2.922,4.795,-3.946
-0.453,-0.055,0.893
0.026,0.256,-0.464
26.854,-3.503,272.718
-----
2189
-1.356,0.403,1.969
-0.445,0.009,0.890
0.022,0.251,-0.466
26.543,0.577,273.550
-----
2309
1.846,1.986,4.611
-0.468,-0.014,0.900
0.021,0.246,-0.470
27.463,-0.908,273.612
-----
2432
1.558,3.237,5.609
-0.451,0.005,0.907
0.025,0.248,-0.478
26.432,0.331,272.930
-----
2551
3.990,4.314,2.835
-0.429,-0.007,0.905
0.025,0.256,-0.473
25.341,-0.455,272.950
-----
2670
5.635,3.036,3.071
-0.417,-0.001,0.920
0.026,0.259,-0.462
24.352,-0.076,272.833
-----
2785
4.235,5.451,2.494
-0.391,-0.039,0.923
0.027,0.256,-0.473
22.965,-2.416,272.622
-----
2902
1.697,3.517,8.269
-0.428,0.012,0.911
0.026,0.261,-0.466
25.185,0.725,272.973
-----
3021
2.678,5.425,4.856
-0.396,-0.041,0.907
0.036,0.263,-0.470
23.583,-2.576,270.848
-----
3144
4.314,3.964,6.895
-0.397,-0.032,0.937
0.029,0.265,-0.473
22.966,-1.947,272.286
-----
3260
1.059,10.054,-4.952
-0.441,-0.029,0.937
0.037,0.268,-0.471
25.175,-1.782,270.735
-----
3377
4.051,18.253,-10.938
-0.294,-0.008,0.928
0.037,0.265,-0.462
17.564,-0.478,270.662
-----
3495
13.738,11.139,-3.036
-0.230,-0.005,0.905
0.049,0.267,-0.467
14.279,-0.320,268.233
-----
3614
13.309,6.178,-8.120
-0.351,-0.070,0.980
0.048,0.274,-0.466
19.671,-4.071,268.564
-----
3737
11.646,31.124,-1.347
-0.175,-0.098,1.014
0.056,0.279,-0.461
9.732,-5.519,267.331
-----
3853
6.720,26.014,10.168
-0.045,-0.217,0.995
0.073,0.289,-0.461
2.513,-12.313,264.407
-----
3973
5.688,2.756,2.931
-0.030,-0.159,1.020
0.085,0.293,-0.466
1.686,-8.877,262.410
-----
4091
0.647,-0.744,3.264
-0.200,-0.003,0.980
0.082,0.291,-0.460
11.518,-0.153,262.887
-----
4210
7.245,4.340,-5.749
-0.128,-0.124,1.117
0.082,0.308,-0.462
6.498,-6.315,263.592
-----
4330
-0.157,1.881,-34.431
-0.217,-0.206,1.005
0.070,0.309,-0.454
11.952,-11.577,265.872
-----
4447
-16.616,18.104,-31.964
-0.006,-0.093,1.036
0.064,0.294,-0.469
0.329,-5.135,266.297
-----
4564
-12.381,6.108,-12.793
-0.154,0.022,1.027
0.046,0.275,-0.472
8.528,1.205,269.137
-----
4684
-2.730,7.901,-9.730
-0.259,-0.110,0.975
0.047,0.266,-0.468
14.794,-6.429,268.453
-----
4804
-18.401,8.321,11.874
-0.399,-0.113,0.784
0.054,0.253,-0.485
26.748,-8.179,266.472
-----
4923
-11.699,-6.991,17.141
-0.199,-0.039,1.032
0.071,0.237,-0.491
10.900,-2.150,261.887
-----
5043
-9.599,3.211,38.631
-0.043,0.017,1.083
0.079,0.232,-0.489
2.265,0.888,259.731
-----
5158
2.494,6.843,45.588
0.014,0.032,1.035
0.091,0.228,-0.498
-0.780,1.756,256.954
-----
5277
11.270,-6.396,35.963
0.042,-0.025,1.090
0.098,0.231,-0.497
-2.198,-1.305,255.528
-----
5397
6.055,8.050,23.503
-0.020,-0.097,0.982
0.101,0.240,-0.498
1.151,-5.653,255.733
-----
5513
12.154,-18.699,14.823
-0.273,0.078,0.984
0.099,0.242,-0.492
15.484,4.553,256.260
-----
5635
23.958,2.572,4.113
-0.373,0.070,0.949
0.101,0.256,-0.491
21.420,4.235,256.984
-----
5754
18.594,-7.971,7.997
-0.349,0.032,0.871
0.086,0.277,-0.479
21.846,2.074,261.343
-----
5874
22.374,-18.025,3.264
-0.063,-0.240,0.831
0.087,0.300,-0.469
4.155,-16.084,262.353
-----
5993
15.024,-30.529,24.237
-0.309,-0.242,1.024
0.059,0.317,-0.456
16.353,-13.289,268.108
-----
6109
-1.505,-28.507,5.854
-0.543,-0.106,0.873
0.050,0.323,-0.451
31.702,-6.932,269.849
-----
6228
-1.444,4.550,-6.554
-0.500,-0.175,0.931
0.046,0.321,-0.458
27.833,-10.655,270.373
-----
6347
-17.483,31.885,-29.698
-0.623,-0.299,0.845
0.044,0.306,-0.456
34.792,-19.489,270.402
-----
6466
-17.220,38.675,4.856
0.055,-0.171,0.927
0.069,0.289,-0.475
-3.350,-10.420,265.159
-----
6583
-5.714,0.035,-0.079
-0.437,-0.091,0.977
0.078,0.274,-0.488
23.993,-5.337,262.797
-----
6703
-2.546,5.294,13.571
-0.197,0.160,0.972
0.092,0.262,-0.490
11.311,9.319,259.278
-----
6825
14.341,0.472,-0.954
-0.307,0.058,1.065
0.107,0.271,-0.484
16.035,3.094,257.034
-----
6944
21.052,40.031,-22.505
-0.150,-0.080,0.809
0.105,0.281,-0.469
10.481,-5.629,258.096
-----
7064
16.765,3.027,-16.546
-0.062,-0.201,0.972
0.109,0.300,-0.469
3.556,-11.706,258.554
-----
7180
-3.404,11.979,4.428
-0.085,-0.273,1.040
0.101,0.305,-0.472
4.539,-14.714,260.272
-----
7297
-3.876,0.280,9.599
-0.424,-0.240,0.956
0.102,0.304,-0.469
23.276,-14.077,259.931
-----
7419
-14.490,-8.470,9.914
-0.399,-0.134,0.849
0.111,0.292,-0.478
24.907,-8.995,257.675
-----
7539
-10.360,9.485,10.684
0.049,-0.093,0.942
0.130,0.279,-0.490
-2.952,-5.622,253.614
-----
7658
-10.894,-8.094,27.694
-0.121,0.080,0.946
0.136,0.264,-0.495
7.271,4.813,251.302
-----
7777
6.729,2.555,6.064
-0.380,0.143,1.043
0.137,0.263,-0.501
19.835,7.812,251.097
-----
7894
13.668,-0.726,-18.156
-0.302,-0.014,1.006
0.140,0.274,-0.490
16.697,-0.775,251.595
-----
8013
17.701,-11.637,-26.259
-0.013,-0.059,0.782
0.124,0.280,-0.482
0.945,-4.334,254.713
-----
8136
12.705,-10.185,-16.949
-0.091,-0.313,1.075
0.099,0.295,-0.479
4.664,-16.219,259.998
-----
8252
-1.584,-3.911,12.757
-0.452,-0.333,1.016
0.092,0.296,-0.478
22.931,-18.163,261.390
-----
8368
-11.664,1.321,18.323
-0.249,-0.112,0.864
0.117,0.288,-0.484
15.950,-7.372,256.410
-----
8486
-7.184,23.642,-2.240
0.078,-0.054,0.955
0.127,0.274,-0.492
-4.637,-3.246,253.712
-----
8605
-15.172,10.666,14.350
0.018,0.050,1.036
0.139,0.262,-0.499
-0.994,2.751,250.611
-----
8728
6.676,-24.614,15.453
-0.303,0.196,1.019
0.145,0.254,-0.496
16.266,10.914,248.924
-----
8847
15.339,25.060,-11.988
0.011,-0.024,0.928
0.148,0.260,-0.491
-0.670,-1.494,248.928
-----
8964
7.490,-33.268,0.822
-0.526,-0.007,0.890
0.132,0.269,-0.490
30.600,-0.448,252.386
-----
9083
1.592,1.120,-5.863
-0.153,-0.352,1.086
0.120,0.280,-0.484
7.613,-17.941,255.381
-----
9202
4.865,-19.084,53.751
-0.358,-0.158,0.861
0.106,0.281,-0.490
22.263,-10.411,257.990
-----
9322
2.275,-23.494,42.569
-0.456,-0.101,0.849
0.103,0.281,-0.485
28.045,-6.809,258.347
-----
9441
10.649,-3.920,7.499
-0.641,-0.062,0.764
0.095,0.287,-0.480
39.895,-4.608,260.380
-----
9561
27.799,-44.083,-14.927
-0.595,-0.249,0.881
0.096,0.299,-0.474
33.024,-15.798,260.825
-----
9676
6.300,33.250,-9.555
-0.788,-0.179,0.635
0.077,0.301,-0.472
50.053,-15.718,264.187
-----
9796
6.046,21.079,-11.226
0.056,-0.138,1.025
0.100,0.308,-0.479
-3.106,-7.691,260.521
-----
9916
-7.796,-1.120,9.608
-1.023,-0.217,0.626
0.075,0.314,-0.463
57.079,-19.149,265.183
-----
10032
-8.943,5.084,4.734
-0.296,-0.171,0.879
0.092,0.310,-0.477
18.303,-11.031,262.109
-----
10151
5.407,-17.395,0.070
-0.812,-0.176,0.798
0.083,0.300,-0.478
44.798,-12.407,263.117
-----
10270
3.246,11.585,-3.824
-0.688,-0.069,0.733
0.076,0.294,-0.475
43.070,-5.351,264.146
-----
10386
14.770,-2.013,-8.986
-0.629,-0.128,0.843
0.078,0.298,-0.469
36.431,-8.620,263.931
-----
10506
11.392,16.739,-20.493
-0.601,-0.207,0.808
0.075,0.305,-0.472
35.772,-14.352,264.773
-----
10625
7.831,-5.294,-9.319
-0.451,-0.271,0.729
0.075,0.309,-0.468
30.139,-20.423,264.960
-----
10744
3.360,-2.126,7.823
-0.404,-0.249,0.789
0.067,0.313,-0.467
26.025,-17.506,266.459
-----
10860
-17.185,-5.451,36.978
-0.372,-0.222,0.868
0.071,0.305,-0.470
22.530,-14.356,265.533
-----
10977
-20.930,-20.851,40.171
-0.490,-0.011,0.918
0.074,0.295,-0.476
28.084,-0.689,264.557
-----
11100
-6.160,-8.199,18.419
-0.587,0.109,0.772
0.080,0.285,-0.484
36.985,8.038,262.985
-----
11219
14.525,9.319,-2.678
-0.525,-0.036,0.828
0.077,0.293,-0.480
32.328,-2.454,263.920
-----
11337
24.544,5.031,-9.363
-0.480,-0.207,0.890
0.084,0.304,-0.477
27.709,-13.084,263.211
-----
11457
10.176,28.324,-0.341
-0.357,-0.127,0.878
0.078,0.316,-0.464
21.919,-8.240,264.675
-----
11574
23.747,3.159,-15.733
-0.471,-0.264,0.843
0.076,0.326,-0.459
28.043,-17.414,265.467
-----
11689
2.651,6.606,-6.046
-0.440,-0.175,0.839
0.077,0.339,-0.450
27.195,-11.817,265.793
-----
11807
16.389,23.161,-16.993
-0.247,-0.128,0.965
0.066,0.346,-0.448
14.219,-7.569,267.721
-----
11926
18.786,23.747,-28.779
-0.180,-0.311,0.836
0.064,0.356,-0.441
11.421,-20.389,268.362
-----
12043
11.541,-0.709,-20.641
-0.416,-0.308,0.943
0.048,0.363,-0.428
22.773,-18.077,271.107
-----
12163
5.749,29.181,-22.181
-0.148,-0.308,0.947
0.045,0.364,-0.426
8.459,-18.007,271.577
-----
12281
14.796,-6.247,-21.569
-0.385,-0.321,0.930
0.034,0.363,-0.425
21.375,-19.029,273.204
-----
12404
7.936,21.149,-22.995
-0.128,-0.256,0.916
0.025,0.365,-0.431
7.640,-15.612,274.607
-----
12522
-9.677,-11.734,-9.109
-0.231,-0.401,0.994
0.011,0.358,-0.426
12.184,-21.977,276.809
-----
12638
-28.892,8.479,-1.059
-0.217,-0.234,1.035
0.005,0.342,-0.434
11.561,-12.744,277.805
-----
12758
-8.671,-17.955,8.846
-0.122,-0.217,1.042
0.012,0.323,-0.452
6.564,-11.754,276.520
-----
12877
-17.920,21.709,13.519
-0.425,-0.126,0.802
0.009,0.315,-0.458
27.622,-8.900,276.874
-----
13000
-23.214,-2.249,25.358
-0.275,-0.012,1.030
0.028,0.299,-0.467
14.923,-0.641,273.236
-----
13116
-7.560,30.616,30.984
0.020,-0.127,0.905
0.051,0.289,-0.477
-1.281,-8.001,268.564
-----
13232
1.356,-13.738,22.006
-0.281,-0.220,0.969
0.070,0.289,-0.480
15.787,-12.796,265.029
-----
13350
-12.915,-6.773,13.265
-0.371,-0.106,0.958
0.060,0.287,-0.483
21.037,-6.308,266.696
-----
13470
-9.677,7.718,18.961
-0.174,0.212,0.915
0.066,0.272,-0.491
10.493,13.066,264.995
-----
13608
-6.186,3.658,-6.431
-0.154,-0.114,0.938
0.058,0.265,-0.493
9.256,-6.910,266.221
-----
13728
-12.145,-1.330,12.119
-0.149,-0.179,0.985
0.071,0.256,-0.496
8.493,-10.322,263.004
-----
13856
-14.166,10.780,25.778
-0.141,0.017,0.948
0.073,0.246,-0.498
8.453,1.051,262.012
-----
13976
5.512,-0.910,29.461
-0.042,0.110,1.011
0.096,0.239,-0.505
2.342,6.234,256.767
-----
14092
0.455,12.994,13.545
-0.008,0.041,1.109
0.105,0.245,-0.505
0.406,2.113,255.373
-----
14215
10.762,-16.739,13.020
-0.301,-0.240,1.167
0.110,0.263,-0.496
14.174,-11.645,255.837
-----
14333
0.525,-14.595,1.768
-0.388,0.094,0.986
0.093,0.267,-0.501
21.384,5.449,259.354
-----
14450
14.411,-4.069,-10.719
-0.202,0.076,0.777
0.091,0.269,-0.490
14.481,5.592,259.904
-----
14567
19.267,9.931,-28.087
-0.172,-0.216,0.940
0.094,0.282,-0.493
10.132,-12.949,260.188
-----
14682
-1.015,-7.499,5.749
-0.187,-0.228,0.983
0.087,0.290,-0.483
10.515,-13.075,261.835
-----
14804
-10.063,8.899,-1.094
-0.149,-0.212,1.027
0.082,0.283,-0.486
8.090,-11.681,262.414
-----
14924
-13.799,-10.587,-3.868
-0.093,-0.094,1.324
0.085,0.268,-0.497
3.998,-4.058,260.984
-----
15043
1.986,-0.289,10.631
-0.296,-0.165,0.895
0.061,0.262,-0.491
18.002,-10.460,265.420
-----
15158
12.583,18.410,5.451
0.085,-0.080,0.797
0.072,0.258,-0.493
-6.070,-5.758,263.067
-----
15278
1.461,12.775,29.890
-0.264,-0.033,0.921
0.072,0.261,-0.492
16.006,-2.048,263.159
-----
15399
-4.918,6.221,-5.950
-0.253,0.042,1.217
0.084,0.263,-0.494
11.717,1.992,260.752
-----
15519
15.050,-25.821,23.109
-0.544,-0.150,0.934
0.082,0.272,-0.485
29.904,-9.124,261.789
-----
15635
18.244,13.974,-12.731
-0.098,-0.178,0.591
0.077,0.273,-0.486
8.994,-16.755,262.759
-----
15752
-2.135,-15.899,-7.088
-0.185,-0.034,0.965
0.087,0.279,-0.479
10.837,-2.046,261.246
-----
15870
4.524,-1.566,12.477
-0.077,-0.130,1.108
0.091,0.284,-0.488
3.942,-6.718,260.749
-----
15993
-1.313,14.516,15.488
-0.162,-0.228,0.959
0.101,0.284,-0.479
9.312,-13.380,258.991
-----
16111
3.220,16.739,17.798
-0.396,-0.094,0.906
0.104,0.278,-0.482
23.525,-5.904,258.037
-----
16227
2.161,14.840,-1.470
0.002,-0.030,0.979
0.129,0.273,-0.484
-0.118,-1.745,253.370
-----
16346
2.328,-5.285,-4.637
-0.311,0.056,0.963
0.130,0.274,-0.485
17.883,3.308,253.139
-----
16462
5.906,0.691,-14.403
-0.269,-0.002,0.911
0.129,0.273,-0.491
16.483,-0.134,253.348
-----
16582
20.711,8.391,-10.903
-0.214,-0.297,0.742
0.127,0.276,-0.482
15.000,-21.793,253.963
-----
16705
4.891,-19.653,-0.385
-0.129,-0.176,0.900
0.126,0.282,-0.482
8.024,-11.062,254.422
-----
16821
-5.504,7.131,9.065
-0.203,-0.010,0.803
0.126,0.280,-0.480
14.192,-0.745,254.400
-----
16940
5.250,-25.524,5.084
-0.313,-0.089,0.894
0.134,0.283,-0.479
19.178,-5.686,253.194
-----
17058
2.223,12.416,6.309
-0.238,-0.009,0.828
0.129,0.283,-0.474
16.014,-0.625,254.113
-----
17175
2.047,-23.520,-8.733
-0.149,-0.180,1.043
0.130,0.284,-0.480
7.988,-9.774,253.877
-----
17294
9.284,7.306,6.729
-0.532,-0.051,0.758
0.118,0.277,-0.473
34.998,-3.840,255.437
-----
17413
0.989,30.800,-5.451
-0.205,-0.021,1.091
0.129,0.278,-0.476
10.660,-1.093,253.783
-----
17528
9.153,-8.514,-4.961
-0.691,-0.165,0.904
0.122,0.286,-0.458
36.943,-10.365,255.551
-----
17648
3.351,15.505,-4.034
-0.391,-0.095,0.824
0.121,0.284,-0.464
25.235,-6.565,255.521
-----
17763
-0.639,6.169,0.919
-0.440,-0.129,1.125
0.123,0.293,-0.462
21.223,-6.524,255.805
-----
17882
3.876,0.149,-3.098
-0.489,-0.048,0.887
0.113,0.288,-0.454
28.821,-3.082,257.231
-----
18001
6.090,-5.600,-6.396
-0.475,0.003,0.810
0.106,0.288,-0.453
30.417,0.229,258.336
-----
18120
8.304,1.846,-13.073
-0.354,-0.109,0.973
0.105,0.289,-0.447
19.900,-6.418,258.570
-----
18236
1.916,-2.966,-2.852
-0.519,-0.079,0.918
0.107,0.288,-0.446
29.389,-4.932,258.229
-----
18355
0.866,12.434,-3.019
-0.534,-0.050,0.891
0.090,0.289,-0.445
30.909,-3.241,261.210
-----
18478
2.082,5.784,-4.471
-0.400,-0.107,0.919
0.087,0.289,-0.457
23.390,-6.658,261.802
-----
18595
-2.284,10.054,5.303
-0.458,-0.041,0.847
0.096,0.288,-0.458
28.361,-2.758,260.220
-----
18712
0.569,2.091,3.054
-0.397,-0.030,0.923
0.099,0.287,-0.459
23.263,-1.832,259.551
-----
18828
2.818,3.141,-1.120
-0.323,-0.055,0.978
0.102,0.292,-0.454
18.255,-3.204,259.334
-----
18945
5.276,-6.414,0.919
-0.507,-0.070,0.882
0.100,0.290,-0.459
29.806,-4.522,259.574
-----
19066
8.960,4.979,-1.566
-0.385,-0.041,0.955
0.098,0.289,-0.467
21.960,-2.447,259.921
-----
19186
9.389,-4.323,0.683
-0.522,-0.054,0.851
0.096,0.301,-0.462
31.485,-3.664,260.932
-----
19302
18.734,-0.691,24.806
-0.253,-0.211,0.915
0.097,0.308,-0.449
15.065,-12.977,261.128
-----
19419
11.672,0.087,25.865
-0.191,-0.268,1.025
0.105,0.313,-0.443
10.231,-14.638,260.007
-----
19536
-6.081,6.886,29.444
-0.234,-0.242,0.938
0.113,0.320,-0.434
13.566,-14.447,259.085
-----
19656
-14.971,-3.369,22.540
-0.111,-0.094,0.915
0.135,0.317,-0.448
6.865,-5.871,255.482
-----
19778
-2.354,-43.951,0.866
-0.289,-0.281,1.069
0.125,0.310,-0.444
14.647,-14.703,256.641
-----
19898
14.455,16.056,3.614
-0.363,-0.130,0.911
0.098,0.304,-0.453
21.519,-8.141,260.748
-----
20014
6.536,0.009,-14.123
-0.121,-0.405,0.969
0.111,0.312,-0.445
6.559,-22.663,258.926
-----
20133
8.470,2.214,4.734
-0.373,-0.148,0.883
0.089,0.308,-0.450
22.587,-9.508,262.432
-----
20252
14.630,-4.629,16.853
-0.287,-0.351,0.893
0.095,0.322,-0.433
16.627,-21.470,262.224
-----
20372
6.554,-2.852,3.360
-0.262,-0.369,0.965
0.102,0.327,-0.435
14.244,-20.932,261.255
-----
20491
-4.839,-1.313,-0.735
-0.372,-0.185,0.956
0.098,0.329,-0.434
20.930,-10.951,261.948
-----
20611
5.084,9.118,0.464
-0.240,-0.129,0.968
0.107,0.325,-0.441
13.806,-7.583,260.390
-----
20726
4.191,-3.281,-7.648
-0.290,-0.231,0.912
0.103,0.322,-0.435
17.107,-14.189,260.902
-----
20846
5.049,0.945,0.700
-0.395,-0.211,0.914
0.092,0.324,-0.433
22.833,-12.996,262.680
-----
20966
4.454,10.876,-22.593
-0.296,-0.120,0.924
0.080,0.325,-0.435
17.640,-7.429,264.701
-----
21082
5.626,4.515,-6.178
-0.304,-0.188,0.939
0.085,0.327,-0.436
17.631,-11.321,264.049
-----
21198
4.821,0.989,-2.266
-0.244,-0.160,0.913
0.079,0.332,-0.432
14.758,-9.946,265.170
-----
21318
0.131,-1.487,-2.380
-0.272,-0.137,0.961
0.073,0.330,-0.437
15.638,-8.124,266.100
-----
21438
1.330,2.118,9.485
-0.298,-0.120,0.948
0.074,0.324,-0.430
17.329,-7.219,265.763
-----
21557
-1.829,-6.073,2.021
-0.323,-0.222,0.878
0.074,0.333,-0.428
19.663,-14.174,266.117
-----
21676
1.514,-6.843,19.950
-0.340,-0.215,0.897
0.075,0.331,-0.424
20.238,-13.455,265.851
-----
21795
-0.420,3.561,5.014
-0.315,-0.199,0.934
0.075,0.338,-0.430
18.263,-12.041,266.096
-----
21915
2.152,3.211,6.116
-0.356,-0.246,0.933
0.077,0.333,-0.426
20.250,-14.789,265.608
-----
22034
-0.018,4.979,10.605
-0.334,-0.257,0.896
0.083,0.333,-0.430
19.735,-15.976,264.561
-----
22153
-1.365,-4.891,-1.732
-0.322,-0.240,0.923
0.083,0.333,-0.432
18.667,-14.593,264.549
-----
22269
-6.344,-0.796,-2.074
-0.292,-0.211,0.944
0.076,0.330,-0.432
16.793,-12.595,265.584
-----
22388
-1.531,-3.063,2.004
-0.260,-0.180,0.951
0.077,0.328,-0.437
15.031,-10.720,265.405
-----
22507
-1.995,-4.795,-2.520
-0.308,-0.148,0.946
0.074,0.317,-0.432
17.809,-8.912,265.458
-----
22624
-1.724,-2.152,-3.071
-0.323,-0.139,0.923
0.075,0.314,-0.438
19.101,-8.544,265.189
-----
22746
1.741,3.789,-4.121
-0.394,-0.117,0.917
0.064,0.311,-0.448
23.072,-7.261,266.997
-----
22862
0.105,4.673,-2.389
-0.334,-0.116,0.928
0.059,0.309,-0.448
19.636,-7.105,267.870
-----
