549
-1.234,30.231,-3.378
-0.354,0.106,0.932
0.000,0.000,0.000
20.670,6.493,8.580
-----
688
7.298,5.688,2.362
-0.381,0.094,0.913
-0.010,-0.170,-0.403
22.556,5.881,95.183
-----
807
6.563,4.664,4.226
-0.328,0.061,0.891
-0.002,-0.166,-0.404
20.181,3.889,97.761
-----
923
7.674,0.840,-2.520
-0.362,0.061,0.920
-0.005,-0.161,-0.412
21.436,3.791,96.682
-----
1040
5.836,6.799,-9.012
-0.313,0.012,0.926
-0.000,-0.157,-0.418
18.687,0.713,98.478
-----
1155
8.059,1.890,-5.994
-0.308,0.097,0.940
0.010,-0.157,-0.417
18.020,5.907,102.163
-----
1277
3.027,20.073,19.862
-0.254,0.016,0.961
0.015,-0.159,-0.423
14.808,0.942,104.106
-----
1397
3.605,10.745,11.130
-0.266,0.004,0.914
0.016,-0.150,-0.422
16.206,0.233,104.645
-----
1516
-5.005,3.815,3.850
-0.158,-0.023,0.966
0.021,-0.145,-0.429
9.301,-1.339,106.656
-----
1635
-0.577,-1.601,11.909
-0.269,0.088,0.989
0.015,-0.151,-0.424
15.170,5.065,104.243
-----
1752
1.321,-9.354,-6.379
-0.235,0.051,0.990
0.012,-0.149,-0.429
13.315,2.931,103.268
-----
1873
0.481,-12.180,-3.999
-0.415,0.119,0.982
0.001,-0.149,-0.417
22.770,6.920,98.902
-----
1990
7.989,0.744,4.314
-0.323,0.079,0.944
-0.007,-0.150,-0.425
18.852,4.810,96.070
-----
2107
15.374,15.969,-2.914
-0.310,0.040,0.909
-0.002,-0.149,-0.429
18.793,2.516,97.988
-----
2223
9.432,21.166,-11.323
-0.107,-0.106,1.004
0.019,-0.147,-0.438
6.028,-6.048,105.853
-----
2342
9.467,9.765,9.222
-0.040,-0.077,0.973
0.033,-0.139,-0.440
2.364,-4.536,111.827
-----
2462
9.257,4.856,7.026
-0.143,-0.122,1.012
0.029,-0.126,-0.450
7.978,-6.864,111.565
-----
2582
3.517,14.315,-2.555
-0.038,-0.091,0.963
0.038,-0.126,-0.455
2.222,-5.386,115.332
-----
2700
0.009,5.372,-1.855
-0.033,-0.065,0.986
0.045,-0.125,-0.463
1.902,-3.744,118.311
-----
2820
2.581,2.739,1.916
0.024,-0.034,1.008
0.045,-0.127,-0.462
-1.358,-1.930,118.050
-----
2939
1.916,3.395,2.231
0.016,-0.086,1.007
0.049,-0.127,-0.460
-0.899,-4.894,119.812
-----
3057
-1.768,-0.385,11.515
-0.143,-0.039,0.969
0.047,-0.125,-0.467
8.369,-2.302,119.242
-----
3181
1.759,8.356,5.731
-0.131,-0.029,0.982
0.048,-0.122,-0.470
7.617,-1.719,119.973
-----
3299
-3.902,12.477,4.235
-0.153,-0.085,0.927
0.045,-0.118,-0.473
9.317,-5.218,119.293
-----
3419
3.561,5.329,7.682
-0.029,-0.174,1.077
0.055,-0.123,-0.477
1.502,-9.198,122.759
-----
3538
-6.379,9.800,22.601
0.107,0.022,1.030
0.050,-0.128,-0.477
-5.917,1.197,120.121
-----
3657
1.995,3.763,5.294
0.015,0.015,1.018
0.044,-0.128,-0.477
-0.851,0.817,117.389
-----
3780
3.824,-2.616,7.236
0.046,0.081,1.000
0.040,-0.126,-0.475
-2.607,4.637,116.288
-----
3898
5.521,-0.586,-9.494
-0.122,-0.012,1.032
0.030,-0.124,-0.474
6.750,-0.674,111.932
-----
4014
2.695,6.125,3.517
-0.012,-0.059,0.977
0.037,-0.127,-0.476
0.682,-3.479,114.767
-----
4133
2.231,-3.360,11.156
-0.131,-0.027,1.095
0.033,-0.122,-0.480
6.837,-1.430,113.646
-----
4252
2.021,7.648,9.231
-0.156,0.040,0.932
0.023,-0.112,-0.483
9.473,2.467,110.414
-----
4375
-1.768,-10.334,3.658
-0.081,-0.006,0.905
0.030,-0.116,-0.482
5.137,-0.371,112.893
-----
4492
9.922,-5.854,-11.559
0.191,-0.180,1.107
0.029,-0.119,-0.484
-9.663,-9.215,112.377
-----
4611
-4.725,-40.381,1.015
-0.222,-0.157,0.953
0.001,-0.121,-0.473
12.958,-9.342,99.110
-----
4730
-8.382,-16.888,13.160
-0.296,0.002,0.930
-0.032,-0.123,-0.460
17.678,0.147,83.978
-----
4846
-2.345,-7.420,14.420
-0.481,-0.018,1.016
-0.051,-0.122,-0.452
25.360,-1.015,76.025
-----
4963
1.496,1.155,6.790
-0.304,0.029,0.940
-0.056,-0.119,-0.452
17.885,1.791,73.187
-----
5085
1.890,17.728,-4.165
-0.082,-0.047,0.973
-0.055,-0.111,-0.453
4.817,-2.741,72.391
-----
5203
5.303,0.236,-0.989
-0.425,-0.069,1.003
-0.047,-0.119,-0.445
22.908,-3.911,76.883
-----
5320
0.744,-1.724,5.311
-0.298,0.045,1.009
-0.051,-0.121,-0.448
16.439,2.549,75.631
-----
5439
6.956,4.384,3.868
-0.302,-0.004,0.890
-0.054,-0.122,-0.447
18.718,-0.236,74.593
-----
5558
9.398,-4.375,-3.841
-0.285,0.031,1.021
-0.047,-0.126,-0.458
15.577,1.721,77.982
-----
5681
-2.284,15.076,3.019
-0.296,0.040,0.909
-0.048,-0.125,-0.457
18.019,2.516,77.581
-----
5799
3.150,3.447,6.851
-0.234,-0.081,0.991
-0.038,-0.122,-0.457
13.257,-4.657,81.177
-----
5916
-2.389,7.236,12.495
-0.272,-0.041,0.927
-0.033,-0.119,-0.469
16.317,-2.543,83.268
-----
6032
3.622,11.349,-0.175
-0.194,-0.057,0.954
-0.031,-0.119,-0.470
11.484,-3.416,83.959
-----
6149
1.706,-5.959,12.329
-0.164,-0.032,0.986
-0.025,-0.118,-0.476
9.424,-1.861,86.630
-----
6272
-1.470,9.354,13.221
-0.205,-0.036,0.942
-0.028,-0.115,-0.469
12.248,-2.169,84.675
-----
6391
-0.096,-3.159,22.811
-0.156,-0.013,1.117
-0.029,-0.102,-0.475
7.947,-0.691,82.541
-----
6509
5.819,2.747,-6.939
-0.170,0.015,0.931
-0.034,-0.106,-0.470
10.374,0.942,80.602
-----
6625
4.489,-17.439,-10.762
-0.261,0.024,0.978
-0.035,-0.111,-0.467
14.933,1.416,81.103
-----
6745
3.491,-17.413,2.695
-0.084,-0.135,0.936
-0.040,-0.106,-0.465
5.073,-8.193,77.842
-----
6866
3.955,-8.181,-0.333
-0.498,-0.102,0.920
-0.065,-0.109,-0.450
28.294,-6.306,68.006
-----
6986
-2.301,4.550,-1.487
0.016,0.025,1.062
-0.060,-0.116,-0.453
-0.875,1.333,71.215
-----
7105
-5.154,-3.439,7.936
-0.417,-0.092,0.798
-0.066,-0.126,-0.448
27.433,-6.588,70.803
-----
7221
-2.065,-2.852,10.868
-0.237,-0.085,0.930
-0.061,-0.123,-0.446
14.237,-5.204,72.199
-----
7340
-8.741,1.225,12.985
-0.607,0.065,1.000
-0.074,-0.118,-0.439
31.220,3.714,66.532
-----
7458
3.001,18.305,-1.873
-0.407,0.099,0.921
-0.060,-0.130,-0.444
23.726,6.116,73.594
-----
7581
-6.352,12.530,-5.049
-0.262,-0.008,0.936
-0.043,-0.139,-0.451
15.614,-0.485,81.275
-----
7696
-5.696,8.531,8.304
-0.275,-0.101,0.846
-0.041,-0.150,-0.449
17.862,-6.816,83.443
-----
7813
-9.091,-4.200,20.055
-0.107,-0.128,0.989
-0.031,-0.151,-0.444
6.139,-7.365,87.147
-----
7931
-32.926,8.102,68.976
-0.216,-0.100,0.813
-0.049,-0.143,-0.435
14.805,-7.046,79.490
-----
8050
-14.297,2.336,67.839
-0.261,-0.197,1.035
-0.061,-0.136,-0.438
13.893,-10.766,74.207
-----
8170
-13.221,2.240,83.501
-0.544,-0.014,0.757
-0.093,-0.107,-0.431
35.706,-1.025,57.469
-----
8287
-17.308,38.430,58.284
-0.165,-0.199,1.207
-0.094,-0.075,-0.436
7.678,-9.368,47.261
-----
8406
-18.559,7.543,63.936
-0.129,-0.228,0.990
-0.093,-0.061,-0.448
7.229,-12.945,41.828
-----
8524
-30.844,52.456,52.553
0.415,-0.032,1.431
-0.095,-0.045,-0.451
-16.180,-1.297,34.014
-----
8644
-11.979,12.591,50.111
-0.472,-0.196,0.951
-0.098,-0.036,-0.446
25.931,-11.633,28.983
-----
8763
-6.037,3.132,46.909
0.270,-0.091,1.086
-0.087,-0.019,-0.459
-13.917,-4.799,20.795
-----
8882
-20.309,21.665,39.576
-0.295,-0.139,1.067
-0.100,-0.006,-0.448
15.314,-7.397,11.866
-----
9000
-6.108,28.569,46.191
-0.068,-0.208,1.166
-0.079,0.002,-0.465
3.269,-10.134,7.065
-----
9117
2.572,8.488,48.318
-0.245,-0.172,1.057
-0.069,0.023,-0.474
12.895,-9.233,350.460
-----
9236
19.583,21.061,42.595
-0.214,-0.232,1.062
-0.057,0.049,-0.476
11.119,-12.330,327.676
-----
9356
16.800,32.524,24.666
-0.065,-0.191,1.200
-0.033,0.084,-0.492
3.084,-9.023,299.954
-----
9475
42.901,2.284,4.874
-0.194,-0.224,0.789
-0.018,0.104,-0.491
13.301,-15.868,288.517
-----
9593
25.865,7.114,18.979
-0.068,-0.149,0.974
-0.026,0.133,-0.479
3.944,-8.700,289.692
-----
9713
28.656,-14.061,-5.338
-0.115,-0.151,0.881
-0.019,0.160,-0.484
7.323,-9.725,285.299
-----
9829
22.741,-2.362,-11.498
-0.124,-0.111,0.877
-0.031,0.176,-0.470
7.986,-7.235,288.455
-----
9952
22.619,-6.580,-21.333
0.046,-0.133,0.977
-0.044,0.186,-0.466
-2.684,-7.765,291.780
-----
10071
10.211,-40.381,-15.015
-0.230,-0.183,0.836
-0.072,0.185,-0.446
15.025,-12.374,299.893
-----
10187
1.995,-22.934,-4.900
-0.432,-0.095,1.000
-0.123,0.185,-0.422
23.268,-5.444,312.190
-----
10306
-1.619,-16.048,-13.956
-0.562,-0.166,0.839
-0.138,0.174,-0.410
33.311,-11.166,316.969
-----
10426
1.741,22.190,7.096
-0.149,-0.077,1.081
-0.133,0.164,-0.416
7.832,-4.087,317.536
-----
10545
-8.645,-5.329,-3.141
-0.294,-0.050,0.967
-0.132,0.166,-0.422
16.912,-2.946,317.080
-----
10663
-6.606,2.336,10.194
-0.248,0.039,0.929
-0.130,0.156,-0.417
14.927,2.422,318.370
-----
10783
-3.229,-4.970,-4.716
-0.500,-0.034,0.876
-0.143,0.152,-0.410
29.671,-2.220,321.706
-----
10903
3.526,12.023,4.051
-0.171,-0.026,0.940
-0.139,0.145,-0.409
10.310,-1.591,322.535
-----
11018
0.761,4.016,3.693
-0.252,-0.074,0.848
-0.137,0.143,-0.421
16.472,-4.992,322.262
-----
11141
-4.270,-4.463,13.466
-0.184,-0.044,0.984
-0.139,0.149,-0.413
10.572,-2.538,321.684
-----
11260
5.005,-4.025,2.249
-0.551,-0.011,0.859
-0.144,0.156,-0.406
32.680,-0.704,321.469
-----
11379
6.090,11.182,-7.289
-0.404,-0.088,0.927
-0.143,0.154,-0.413
23.456,-5.416,321.423
-----
11498
2.520,-4.909,1.496
-0.374,-0.092,0.885
-0.137,0.153,-0.413
22.787,-5.912,320.379
-----
11615
-3.229,17.045,1.041
-0.171,-0.011,0.851
-0.133,0.148,-0.422
11.385,-0.739,320.441
-----
11738
-2.231,-15.137,6.003
-0.383,-0.070,1.025
-0.135,0.146,-0.423
20.425,-3.900,321.242
-----
11856
2.100,6.073,2.179
-0.337,-0.006,0.823
-0.142,0.147,-0.416
22.231,-0.416,322.526
-----
11975
5.845,-0.577,-4.655
-0.424,-0.077,1.068
-0.149,0.150,-0.409
21.603,-4.111,323.419
-----
12091
3.019,8.059,0.455
-0.381,-0.031,0.907
-0.151,0.142,-0.405
22.795,-1.977,325.304
-----
12211
-1.487,7.508,6.247
-0.306,-0.048,1.001
-0.147,0.140,-0.409
16.991,-2.734,324.923
-----
12326
1.120,2.459,1.523
-0.372,-0.026,0.908
-0.142,0.143,-0.416
22.244,-1.651,323.439
-----
12448
5.372,27.554,-1.514
-0.281,-0.000,0.998
-0.130,0.141,-0.426
15.712,-0.025,321.299
-----
12568
8.741,21.219,-6.755
-0.021,0.027,0.927
-0.113,0.138,-0.438
1.304,1.674,317.971
-----
12684
18.603,24.736,-21.149
-0.317,-0.092,0.975
-0.107,0.135,-0.443
17.935,-5.367,316.891
-----
12801
10.596,9.879,-10.342
-0.126,0.002,1.072
-0.094,0.132,-0.454
6.690,0.104,314.135
-----
12919
12.031,10.745,-6.186
-0.093,-0.009,0.923
-0.094,0.132,-0.454
5.764,-0.541,313.876
-----
13042
13.405,9.730,1.803
-0.040,-0.122,1.082
-0.089,0.137,-0.453
2.088,-6.456,311.752
-----
13161
7.997,-2.100,-4.445
-0.159,0.018,1.069
-0.090,0.141,-0.448
8.446,0.948,311.194
-----
13280
7.508,5.670,-3.369
-0.252,0.001,0.903
-0.098,0.148,-0.441
15.587,0.074,312.057
-----
13396
13.851,0.411,-36.995
-0.144,0.005,1.085
-0.091,0.143,-0.447
7.545,0.255,310.982
-----
13516
16.240,9.599,-39.340
-0.154,0.051,0.941
-0.098,0.133,-0.444
9.299,3.109,314.985
-----
13655
25.060,0.079,-30.362
-0.299,-0.000,0.906
-0.103,0.126,-0.442
18.297,-0.012,318.032
-----
13780
16.503,15.698,-36.173
-0.379,0.053,1.004
-0.112,0.113,-0.443
20.672,2.996,323.437
-----
13900
12.574,10.500,-40.810
-0.438,0.109,1.078
-0.109,0.106,-0.448
22.002,5.786,324.437
-----
14019
14.254,11.034,-58.415
-0.232,0.103,1.013
-0.105,0.076,-0.457
12.838,5.794,332.503
-----
14136
23.354,5.014,-62.178
-0.398,0.049,1.016
-0.096,0.060,-0.462
21.382,2.751,336.838
-----
14255
13.108,21.648,-40.241
-0.333,-0.019,0.999
-0.090,0.049,-0.469
18.458,-1.092,339.988
-----
14373
7.149,3.920,-11.769
-0.016,0.078,1.078
-0.073,0.044,-0.471
0.828,4.133,337.632
-----
14493
38.640,-66.229,5.863
-0.429,0.054,0.996
-0.100,0.044,-0.463
23.276,3.126,344.744
-----
14609
32.366,17.981,-29.960
-0.285,-0.059,0.929
-0.132,0.073,-0.448
17.004,-3.616,339.681
-----
14725
0.586,9.958,-26.014
-0.344,-0.058,0.904
-0.123,0.073,-0.444
20.787,-3.689,337.761
-----
14848
46.795,13.563,-21.052
-0.256,-0.102,0.943
-0.122,0.057,-0.443
15.113,-6.161,343.426
-----
14967
19.757,34.195,-35.096
-0.294,0.057,1.064
-0.119,0.061,-0.454
15.423,3.065,341.289
-----
15086
12.337,16.774,-13.703
-0.712,-0.126,0.829
-0.119,0.070,-0.454
40.318,-8.647,338.194
-----
15201
45.763,45.798,-62.195
-0.390,-0.384,0.988
-0.090,0.054,-0.469
20.184,-21.211,337.721
-----
15321
28.455,23.739,-22.942
-0.537,-0.066,0.795
-0.069,0.061,-0.482
33.966,-4.733,327.172
-----
15442
33.294,18.314,-41.160
-0.706,-0.654,0.911
-0.049,0.073,-0.488
32.206,-35.671,312.119
-----
15562
3.001,43.846,-43.496
-0.266,-0.015,0.901
-0.021,0.065,-0.504
16.445,-0.938,296.866
-----
15682
20.475,29.776,-25.611
-0.489,-0.192,0.969
-0.002,0.062,-0.514
26.323,-11.183,280.253
-----
15797
7.858,43.015,-45.001
-0.421,-0.103,0.945
0.019,0.078,-0.518
23.888,-6.247,265.006
-----
15916
30.853,25.804,-57.234
-0.607,-0.186,0.816
0.046,0.078,-0.522
35.933,-12.803,247.768
-----
16035
34.764,52.614,-58.424
-0.293,-0.268,1.059
0.079,0.089,-0.527
15.026,-14.214,237.019
-----
