518
-1.286,30.354,-3.273
-0.167,-0.064,0.976
0.000,0.000,0.000
9.703,-3.760,8.580
-----
655
-5.801,7.490,11.664
-0.229,0.011,1.022
0.007,-0.110,-0.442
12.646,0.619,102.156
-----
775
-3.868,8.619,4.471
-0.107,0.068,0.913
0.012,-0.114,-0.446
6.667,4.247,104.681
-----
890
5.259,7.866,7.096
-0.039,-0.027,1.020
0.014,-0.115,-0.447
2.171,-1.542,105.714
-----
1010
-0.219,3.745,9.555
-0.205,-0.048,0.842
0.010,-0.117,-0.446
13.652,-3.289,103.657
-----
1129
8.592,-5.145,7.700
0.016,-0.101,1.094
0.014,-0.114,-0.451
-0.817,-5.287,105.489
-----
1249
0.761,-4.253,14.236
-0.126,-0.124,0.963
-0.003,-0.112,-0.446
7.383,-7.362,97.151
-----
1368
-1.015,-1.759,16.940
-0.117,0.081,0.969
-0.004,-0.103,-0.452
6.856,4.803,96.178
-----
1487
4.445,0.910,14.420
-0.178,-0.054,0.973
-0.014,-0.101,-0.454
10.359,-3.200,90.808
-----
1606
0.079,25.891,-8.855
-0.018,-0.014,0.946
-0.009,-0.100,-0.452
1.098,-0.828,93.364
-----
1722
4.165,-17.990,8.995
-0.181,-0.091,1.036
-0.006,-0.105,-0.461
9.857,-5.019,95.531
-----
1841
1.347,19.049,15.505
0.013,0.031,1.022
-0.019,-0.103,-0.449
-0.742,1.737,88.275
-----
1960
2.205,-3.378,-3.080
-0.251,0.059,0.967
-0.025,-0.104,-0.453
14.522,3.507,84.944
-----
2079
4.366,14.000,-1.435
-0.057,0.138,1.017
-0.021,-0.112,-0.459
3.161,7.713,88.099
-----
2199
8.706,9.406,-3.395
-0.121,0.050,0.980
-0.013,-0.110,-0.467
7.020,2.898,91.706
-----
2316
2.564,0.499,-0.472
-0.235,-0.108,1.017
-0.006,-0.107,-0.467
12.934,-6.070,95.425
-----
2438
2.170,11.778,-1.995
-0.128,-0.021,0.971
-0.001,-0.110,-0.465
7.504,-1.238,98.070
-----
2557
-4.471,-6.825,-0.604
-0.166,0.041,0.924
0.007,-0.112,-0.465
10.172,2.517,102.380
-----
2676
7.324,-0.962,4.428
-0.066,-0.008,0.977
0.010,-0.118,-0.465
3.855,-0.451,103.254
-----
2795
2.975,0.157,-4.095
-0.049,-0.079,1.050
0.007,-0.113,-0.472
2.678,-4.304,101.992
-----
2911
-2.765,14.543,5.241
-0.139,-0.023,0.988
0.008,-0.119,-0.474
7.989,-1.316,102.470
-----
3030
2.196,-1.365,9.126
-0.121,-0.028,0.985
0.016,-0.120,-0.473
6.987,-1.642,106.315
-----
3152
-3.605,14.656,0.149
-0.117,-0.004,1.021
0.012,-0.114,-0.481
6.540,-0.226,104.658
-----
3271
5.889,0.175,2.826
-0.043,-0.012,0.899
0.024,-0.123,-0.472
2.719,-0.742,109.677
-----
3388
-1.890,-14.551,-6.352
-0.122,0.036,0.901
0.021,-0.127,-0.478
7.714,2.302,108.001
-----
3504
2.030,2.135,11.340
-0.080,0.010,1.077
0.013,-0.125,-0.477
4.257,0.542,104.532
-----
3622
9.546,-0.875,3.474
-0.262,-0.018,1.000
0.006,-0.125,-0.468
14.665,-1.027,101.526
-----
3742
8.724,10.658,7.446
-0.121,-0.026,1.019
0.002,-0.120,-0.479
6.769,-1.457,99.584
-----
3859
5.285,1.015,1.155
0.045,-0.120,1.013
0.005,-0.109,-0.480
-2.514,-6.757,101.292
-----
3975
6.755,4.218,3.946
-0.098,-0.067,1.017
0.002,-0.111,-0.475
5.499,-3.756,99.377
-----
4093
-0.079,8.216,-0.910
-0.081,-0.104,1.062
-0.000,-0.103,-0.484
4.314,-5.618,98.502
-----
4213
1.374,-6.335,7.508
-0.304,-0.063,0.913
-0.007,-0.109,-0.480
18.389,-3.931,94.751
-----
4336
-2.188,1.190,0.569
-0.186,-0.048,1.164
-0.007,-0.111,-0.478
9.062,-2.383,94.891
-----
4455
-3.378,14.052,0.446
-0.127,-0.062,0.840
0.006,-0.116,-0.477
8.550,-4.228,101.546
-----
4572
3.456,-6.151,5.889
-0.052,0.097,0.957
0.014,-0.119,-0.476
3.071,5.766,105.239
-----
4691
1.794,0.630,-1.575
-0.445,0.012,0.803
0.009,-0.124,-0.476
28.999,0.840,102.840
-----
4809
2.196,7.472,5.390
-0.150,0.036,1.388
0.005,-0.120,-0.478
6.151,1.468,101.125
-----
4926
-0.245,-6.816,1.278
-0.342,-0.030,0.773
-0.000,-0.117,-0.478
23.876,-2.251,98.443
-----
5046
2.713,8.855,11.392
-0.192,-0.265,1.162
0.004,-0.115,-0.481
9.137,-12.839,100.322
-----
5165
-2.599,-9.984,39.681
-0.141,0.067,0.935
-0.008,-0.114,-0.473
8.546,4.079,94.640
-----
5283
-3.911,8.750,23.940
-0.219,0.036,0.978
-0.016,-0.105,-0.479
12.594,2.110,89.725
-----
5400
1.619,22.960,17.281
-0.018,-0.039,1.153
-0.016,-0.101,-0.481
0.882,-1.937,89.583
-----
5517
-3.832,-40.478,8.855
-0.506,-0.187,0.812
-0.029,-0.096,-0.473
31.284,-12.963,81.934
-----
5639
-15.689,-11.349,-19.180
0.062,-0.209,0.829
-0.032,-0.102,-0.473
-4.161,-14.169,81.266
-----
5757
-33.215,-66.938,-55.195
-0.162,-0.007,1.091
-0.053,-0.168,-0.433
8.434,-0.362,81.080
-----
5874
-33.574,8.321,0.779
-0.759,0.032,0.578
-0.084,-0.207,-0.391
52.641,3.128,76.372
-----
5993
-24.885,-20.169,37.056
-0.106,-0.143,1.245
-0.062,-0.225,-0.387
4.850,-6.566,83.084
-----
6113
-31.798,11.296,42.674
-0.669,0.188,0.854
-0.098,-0.227,-0.352
37.387,12.432,75.275
-----
6236
-20.046,23.704,43.111
-0.705,-0.139,0.994
-0.108,-0.219,-0.362
35.092,-7.958,72.294
-----
6354
-21.735,54.022,94.036
-0.388,-0.055,1.216
-0.117,-0.193,-0.371
17.690,-2.579,67.280
-----
6471
-14.035,54.381,88.086
-0.391,0.064,0.815
-0.121,-0.156,-0.382
25.578,4.455,60.840
-----
6588
4.699,11.672,58.397
-0.471,-0.201,1.030
-0.123,-0.114,-0.406
24.167,-11.058,51.284
-----
6704
-18.200,32.445,57.531
-0.305,-0.210,1.027
-0.114,-0.083,-0.421
16.207,-11.543,44.666
-----
6827
-4.751,-9.826,42.271
-0.478,-0.147,0.773
-0.110,-0.062,-0.424
31.277,-10.754,38.058
-----
6946
-2.861,49.053,38.763
0.482,-0.122,1.329
-0.091,-0.051,-0.445
-19.864,-5.232,37.665
-----
7065
5.495,-20.204,43.033
-0.396,-0.216,0.925
-0.095,-0.027,-0.452
22.659,-13.164,24.291
-----
7184
-1.418,-6.554,28.516
-0.326,-0.288,1.127
-0.112,0.003,-0.448
15.645,-14.332,7.153
-----
7301
0.079,-39.970,34.702
0.111,-0.077,1.184
-0.114,0.008,-0.444
-5.343,-3.721,4.659
-----
7422
8.873,-43.103,42.577
-0.602,-0.074,0.678
-0.162,0.034,-0.408
41.415,-6.198,356.784
-----
7542
8.488,43.006,35.201
-0.417,0.034,0.960
-0.163,0.075,-0.408
23.448,2.035,343.852
-----
7661
19.845,-0.219,13.291
-0.237,-0.008,0.830
-0.147,0.090,-0.424
15.942,-0.560,337.137
-----
7777
30.310,17.439,-1.278
-0.190,-0.073,0.681
-0.143,0.112,-0.424
15.477,-6.135,330.515
-----
7897
24.929,-22.234,-15.689
-0.340,-0.185,0.955
-0.142,0.123,-0.412
19.253,-10.991,327.563
-----
8019
15.654,-20.843,9.336
-0.358,-0.017,0.961
-0.151,0.129,-0.402
20.451,-1.018,328.075
-----
8138
7.586,5.390,6.624
-0.294,-0.126,0.940
-0.163,0.141,-0.398
17.199,-7.647,327.716
-----
8255
3.622,-0.306,18.664
-0.160,-0.101,0.750
-0.161,0.151,-0.387
11.971,-7.679,325.532
-----
8371
0.192,10.990,17.246
-0.509,-0.050,0.798
-0.158,0.164,-0.395
32.457,-3.551,322.508
-----
8487
-3.509,18.865,10.570
-0.044,0.020,1.060
-0.138,0.164,-0.401
2.368,1.078,318.568
-----
8610
10.666,14.621,24.211
-0.324,0.019,0.848
-0.139,0.175,-0.403
20.927,1.273,317.060
-----
8730
8.356,-17.544,-31.343
-0.085,-0.141,0.990
-0.140,0.185,-0.401
4.873,-8.101,315.768
-----
8848
2.537,-8.041,22.601
-0.440,-0.136,0.802
-0.164,0.184,-0.383
28.390,-9.599,320.313
-----
8964
5.740,-8.347,3.395
-0.399,-0.213,0.938
-0.160,0.185,-0.384
22.539,-12.824,319.359
-----
9083
2.730,7.306,16.669
-0.379,-0.000,0.904
-0.162,0.189,-0.382
22.773,-0.023,319.314
-----
9203
-7.464,11.471,12.828
-0.329,-0.066,0.935
-0.154,0.194,-0.385
19.331,-4.067,317.023
-----
9326
9.555,-12.084,24.176
-0.314,-0.095,0.887
-0.151,0.202,-0.381
19.390,-6.125,315.450
-----
9442
5.959,2.345,13.580
-0.394,-0.106,0.965
-0.157,0.213,-0.378
22.098,-6.265,314.922
-----
9562
8.339,9.546,-3.141
-0.526,-0.211,0.837
-0.158,0.220,-0.381
31.334,-14.166,314.355
-----
9680
6.843,16.940,-2.398
-0.201,-0.128,1.077
-0.150,0.218,-0.384
10.480,-6.779,313.237
-----
9797
-10.929,4.174,-2.056
-0.368,-0.112,0.766
-0.145,0.221,-0.389
25.410,-8.296,311.925
-----
9916
-3.868,2.625,-4.226
-0.093,0.012,0.960
-0.140,0.197,-0.397
5.533,0.699,314.013
-----
10035
-1.365,-5.198,12.084
-0.557,-0.061,1.009
-0.149,0.202,-0.384
28.881,-3.457,315.073
-----
10153
0.385,19.696,-20.081
-0.070,0.112,0.957
-0.142,0.196,-0.404
4.176,6.688,314.456
-----
