567
-1.102,29.934,-3.194
-0.330,0.092,0.935
0.000,0.000,0.000
19.351,5.606,8.580
-----
708
6.134,3.176,1.768
-0.193,0.049,0.917
-0.031,-0.137,-0.423
11.875,3.084,86.064
-----
825
0.971,-2.590,17.281
-0.252,0.009,0.933
-0.033,-0.131,-0.424
15.141,0.536,84.443
-----
944
5.390,-9.293,13.563
-0.372,-0.031,0.954
-0.047,-0.126,-0.423
21.287,-1.835,78.087
-----
1063
7.289,-1.452,4.323
-0.351,-0.022,0.900
-0.061,-0.120,-0.418
21.266,-1.405,71.563
-----
1183
0.534,-9.564,3.789
-0.295,0.035,1.007
-0.060,-0.121,-0.421
16.328,1.988,72.042
-----
1306
-3.036,-0.123,11.769
-0.448,0.111,0.842
-0.077,-0.121,-0.421
27.810,7.479,66.057
-----
1422
8.995,-10.238,6.370
-0.386,0.018,0.920
-0.075,-0.117,-0.406
22.745,1.136,65.848
-----
1539
7.525,13.116,2.599
-0.399,0.039,0.946
-0.082,-0.109,-0.408
22.854,2.375,61.663
-----
1658
8.592,20.064,-7.289
-0.275,-0.082,0.993
-0.067,-0.109,-0.427
15.433,-4.694,67.121
-----
1777
-0.166,18.655,-8.645
-0.164,0.013,0.908
-0.048,-0.112,-0.429
10.225,0.843,75.270
-----
1899
10.990,15.304,-0.621
-0.067,-0.035,1.012
-0.034,-0.112,-0.437
3.760,-1.961,81.795
-----
2015
2.398,9.765,-9.826
-0.054,-0.063,1.026
-0.031,-0.117,-0.445
2.992,-3.490,83.823
-----
2135
1.715,11.182,-1.339
-0.019,0.022,1.050
-0.013,-0.123,-0.450
1.028,1.208,92.513
-----
2254
5.110,6.668,0.761
-0.152,-0.084,0.984
-0.012,-0.123,-0.457
8.764,-4.888,93.005
-----
2372
5.084,14.551,21.455
-0.117,-0.010,0.935
-0.012,-0.110,-0.455
7.153,-0.643,92.200
-----
2492
5.574,9.608,13.283
-0.091,-0.016,1.092
-0.018,-0.102,-0.462
4.768,-0.825,88.505
-----
2609
3.439,22.269,5.399
-0.185,-0.097,0.862
-0.012,-0.101,-0.467
12.037,-6.402,91.926
-----
2728
-4.673,-0.980,4.086
-0.230,-0.069,0.911
-0.004,-0.105,-0.475
14.130,-4.363,96.676
-----
2847
2.581,13.807,5.233
-0.068,-0.045,1.070
0.006,-0.100,-0.475
3.639,-2.392,101.871
-----
2964
-2.450,4.620,0.403
-0.033,0.157,0.908
0.009,-0.111,-0.476
2.082,9.825,103.200
-----
3081
-3.614,-6.003,4.077
0.046,-0.012,0.961
0.012,-0.108,-0.473
-2.754,-0.720,105.156
-----
3203
0.604,-9.756,3.369
-0.031,0.040,0.911
0.006,-0.118,-0.472
1.939,2.534,101.490
-----
3321
2.362,-7.385,-3.150
-0.080,-0.000,1.092
-0.001,-0.111,-0.472
4.189,-0.010,98.076
-----
3438
3.456,3.246,-5.556
-0.181,-0.010,0.975
-0.001,-0.109,-0.469
10.501,-0.613,98.286
-----
3557
-1.995,1.111,-5.014
-0.150,0.112,1.001
0.005,-0.122,-0.482
8.490,6.370,100.873
-----
3676
2.152,-21.490,6.134
-0.051,0.039,1.034
-0.016,-0.120,-0.471
2.798,2.176,91.134
-----
3799
5.688,-31.404,5.233
-0.296,0.064,0.786
-0.042,-0.122,-0.451
20.551,4.633,79.514
-----
3918
3.325,-19.460,4.996
-0.388,-0.157,1.062
-0.066,-0.120,-0.443
19.872,-8.427,69.857
-----
4038
-0.306,0.411,0.849
-0.271,-0.071,1.050
-0.074,-0.118,-0.436
14.424,-3.867,66.569
-----
4157
-4.043,6.851,-3.080
-0.349,0.016,0.957
-0.068,-0.127,-0.438
20.043,0.978,70.343
-----
4276
-9.398,6.370,2.152
-0.459,-0.027,0.873
-0.065,-0.129,-0.434
27.703,-1.773,71.866
-----
4399
1.977,26.049,7.735
-0.118,0.026,0.867
-0.049,-0.137,-0.448
7.738,1.732,78.767
-----
4517
4.900,27.974,3.929
-0.138,-0.021,1.016
-0.031,-0.129,-0.458
7.742,-1.180,85.072
-----
4634
-1.269,-14.123,11.366
-0.259,0.097,0.966
-0.030,-0.133,-0.455
14.946,5.724,86.026
-----
4751
17.990,25.384,8.986
-0.216,0.013,1.080
-0.029,-0.122,-0.463
11.291,0.709,85.010
-----
4867
14.254,-2.091,5.968
-0.280,-0.009,0.977
-0.021,-0.109,-0.474
15.968,-0.508,87.840
-----
4989
15.540,24.202,4.209
0.027,-0.016,0.971
-0.006,-0.097,-0.475
-1.587,-0.918,95.035
-----
5109
7.262,7.044,-5.688
0.085,-0.075,1.065
0.001,-0.089,-0.487
-4.572,-4.039,99.119
-----
5228
6.781,-17.640,-3.220
-0.174,-0.109,0.952
-0.008,-0.089,-0.483
10.279,-6.522,93.712
-----
5347
5.845,-59.596,4.287
-0.264,-0.080,0.825
-0.023,-0.085,-0.469
17.691,-5.528,83.613
-----
5464
-0.087,-12.337,-0.289
-0.129,-0.086,1.143
-0.056,-0.090,-0.463
6.418,-4.296,66.575
-----
5583
-2.503,-8.584,1.505
-0.442,0.054,0.999
-0.076,-0.095,-0.443
23.807,3.074,60.116
-----
5706
1.776,15.033,-15.505
-0.386,-0.012,0.754
-0.069,-0.098,-0.448
27.090,-0.927,63.626
-----
5825
0.298,-14.236,-3.815
-0.291,-0.039,1.266
-0.052,-0.107,-0.451
12.923,-1.758,72.559
-----
5941
2.511,20.029,-10.483
-0.301,-0.012,0.717
-0.059,-0.116,-0.447
22.791,-0.994,71.711
-----
6061
-4.497,-17.763,15.461
-0.098,0.025,1.063
-0.048,-0.116,-0.455
5.266,1.357,75.985
-----
6179
0.779,12.547,18.034
-0.273,0.022,0.831
-0.057,-0.114,-0.455
18.183,1.526,71.874
-----
6302
3.675,-13.878,10.194
-0.056,0.082,0.903
-0.057,-0.103,-0.451
3.507,5.161,69.823
-----
6419
3.124,4.253,-0.105
-0.399,0.021,0.910
-0.066,-0.094,-0.449
23.693,1.325,63.335
-----
6536
17.028,43.382,52.176
-0.185,-0.182,1.241
-0.058,-0.079,-0.460
8.366,-8.347,62.151
-----
6653
-1.479,5.845,13.458
-0.188,-0.073,0.839
-0.041,-0.060,-0.476
12.567,-4.993,64.460
-----
6773
-2.713,20.134,19.171
-0.420,-0.209,0.905
-0.046,-0.054,-0.479
24.318,-12.985,57.905
-----
6893
-24.413,14.429,26.539
0.133,-0.281,1.188
-0.025,-0.056,-0.483
-6.228,-13.300,74.631
-----
7012
-29.278,-12.810,28.910
-0.310,-0.167,0.639
-0.029,-0.069,-0.476
25.123,-14.668,75.663
-----
7132
-32.847,14.420,34.641
0.067,-0.088,1.023
-0.028,-0.088,-0.470
-3.724,-4.933,80.749
-----
7250
-17.841,-29.024,48.274
-0.144,-0.097,0.826
-0.032,-0.098,-0.469
9.845,-6.715,80.737
-----
7369
-1.794,5.005,48.597
-0.276,-0.238,0.828
-0.058,-0.087,-0.461
17.782,-16.062,65.209
-----
7489
-21.971,-13.274,50.838
-0.195,-0.222,1.058
-0.066,-0.076,-0.464
10.197,-11.842,57.566
-----
7606
-18.646,12.854,43.645
0.015,-0.189,1.162
-0.080,-0.070,-0.455
-0.733,-9.229,49.475
-----
7725
-18.567,-0.945,61.722
-0.162,-0.153,1.075
-0.087,-0.056,-0.452
8.506,-8.094,41.474
-----
7843
8.374,-9.529,41.405
-0.294,-0.454,1.232
-0.095,-0.037,-0.452
12.617,-20.232,30.088
-----
7960
-32.594,27.781,47.233
-0.006,-0.024,1.249
-0.086,-0.030,-0.456
0.288,-1.106,28.103
-----
8079
18.148,5.784,38.588
-0.026,-0.205,1.174
-0.075,-0.017,-0.473
1.229,-9.888,21.301
-----
8198
-14.849,54.127,37.170
-0.235,0.009,0.890
-0.076,0.012,-0.472
14.783,0.604,359.597
-----
8316
17.833,-1.164,31.316
0.288,-0.111,1.306
-0.032,0.027,-0.488
-12.400,-4.866,328.208
-----
8433
12.775,25.016,8.829
0.003,0.051,0.864
-0.036,0.052,-0.492
-0.174,3.379,312.905
-----
8550
31.789,16.415,19.679
0.156,-0.103,1.172
-0.015,0.069,-0.495
-7.564,-5.021,290.864
-----
8673
26.968,18.366,-1.295
0.107,-0.121,0.882
0.001,0.099,-0.504
-6.824,-7.842,278.174
-----
8792
16.161,15.155,-14.998
0.298,-0.078,1.003
0.012,0.115,-0.501
-16.512,-4.432,272.607
-----
8910
13.948,-30.888,-8.698
-0.064,-0.210,0.864
-0.006,0.129,-0.496
4.126,-13.664,281.436
-----
9030
7.158,-77.175,-19.714
-0.072,-0.156,0.777
-0.045,0.128,-0.474
5.178,-11.350,298.023
-----
9146
-1.951,-36.260,3.089
-0.077,-0.164,1.093
-0.089,0.125,-0.458
3.968,-8.518,314.093
-----
9263
-8.365,-24.972,15.260
-0.416,-0.008,0.796
-0.116,0.128,-0.433
27.594,-0.606,320.695
-----
9379
0.070,-1.628,2.721
-0.282,-0.089,0.925
-0.130,0.121,-0.422
16.907,-5.495,325.592
-----
9499
-1.575,-14.446,2.537
-0.349,-0.061,0.954
-0.136,0.121,-0.425
20.036,-3.683,327.038
-----
9615
-4.349,-8.557,6.335
-0.325,-0.047,0.661
-0.142,0.118,-0.414
26.098,-4.099,328.830
-----
9732
-0.796,-9.257,6.948
-0.396,-0.042,0.904
-0.142,0.115,-0.414
23.616,-2.677,329.399
-----
9851
2.494,-10.456,9.450
-0.670,-0.073,0.859
-0.147,0.121,-0.411
37.879,-4.882,329.125
-----
9974
1.558,28.892,9.083
-0.358,-0.031,0.969
-0.147,0.126,-0.415
20.273,-1.838,327.979
-----
10090
-2.056,8.243,5.101
0.013,0.027,1.219
-0.134,0.125,-0.423
-0.605,1.270,325.715
-----
10209
-1.383,19.460,3.001
-0.448,0.009,0.775
-0.139,0.131,-0.413
30.050,0.677,325.240
-----
10328
7.814,-8.934,-4.025
-0.234,-0.123,0.970
-0.130,0.133,-0.422
13.485,-7.211,322.969
-----
10444
-0.998,-0.184,10.185
-0.269,-0.090,0.938
-0.131,0.129,-0.424
15.918,-5.495,323.950
-----
10566
-2.249,-0.840,18.532
-0.264,-0.010,1.001
-0.132,0.137,-0.429
14.771,-0.569,322.506
-----
10682
-2.756,32.235,11.436
-0.390,0.023,0.927
-0.128,0.143,-0.431
22.820,1.398,320.359
-----
10802
-3.360,25.856,-0.630
-0.070,0.013,0.959
-0.095,0.145,-0.448
4.177,0.766,311.834
-----
10920
-0.796,26.495,-2.747
-0.038,0.003,0.951
-0.087,0.135,-0.452
2.264,0.176,311.441
-----
11039
4.331,16.520,-4.734
-0.027,0.034,0.968
-0.075,0.135,-0.459
1.606,2.036,307.796
-----
11159
9.721,8.531,-4.296
-0.104,-0.010,0.916
-0.066,0.129,-0.472
6.486,-0.622,305.593
-----
11276
5.994,-7.639,3.229
-0.138,-0.043,0.969
-0.064,0.132,-0.469
8.110,-2.516,304.337
-----
11394
2.126,22.050,-10.395
-0.174,-0.102,0.975
-0.069,0.137,-0.467
10.075,-5.957,305.262
-----
11513
-1.383,4.182,4.952
0.056,-0.066,1.026
-0.058,0.124,-0.476
-3.101,-3.708,303.703
-----
11633
-8.610,-7.823,8.129
-0.286,0.056,0.923
-0.068,0.120,-0.474
17.214,3.443,308.071
-----
11756
7.096,-1.829,25.121
-0.234,-0.010,0.969
-0.071,0.128,-0.468
13.549,-0.588,307.714
-----
11872
5.722,-2.135,13.493
-0.200,-0.145,1.071
-0.067,0.147,-0.462
10.497,-7.687,303.040
-----
11988
10.054,-7.770,17.316
-0.170,-0.016,0.849
-0.064,0.148,-0.462
11.338,-1.062,302.138
-----
12107
9.958,18.156,4.139
-0.224,0.040,0.967
-0.067,0.156,-0.463
13.063,2.342,301.834
-----
12226
3.798,-21.534,5.924
-0.279,-0.101,1.009
-0.076,0.168,-0.454
15.378,-5.709,302.772
-----
12346
3.938,-9.118,17.850
-0.443,-0.114,0.850
-0.087,0.167,-0.450
27.329,-7.618,306.100
-----
12462
4.979,-11.244,-5.285
-0.551,-0.191,0.971
-0.094,0.178,-0.444
29.108,-11.144,306.554
-----
12580
3.640,-12.233,-6.160
-0.252,0.047,0.915
-0.090,0.152,-0.444
15.346,2.915,309.218
-----
12699
9.039,-19.302,12.722
-0.541,-0.150,0.891
-0.107,0.173,-0.432
30.925,-9.579,310.172
-----
12816
2.783,13.886,-7.508
-0.190,-0.047,1.001
-0.106,0.166,-0.434
10.749,-2.673,311.166
-----
12935
6.108,-0.472,8.811
-0.235,-0.107,0.972
-0.100,0.171,-0.430
13.528,-6.260,308.927
-----
13054
4.008,-14.761,8.531
-0.221,-0.103,0.951
-0.104,0.175,-0.430
12.990,-6.169,309.449
-----
13173
0.569,2.713,4.856
-0.265,-0.062,0.963
-0.111,0.183,-0.422
15.333,-3.694,309.756
-----
13292
8.916,-0.691,9.450
-0.312,-0.134,1.009
-0.109,0.182,-0.425
17.033,-7.561,309.492
-----
13408
1.409,6.178,6.370
-0.181,-0.120,1.003
-0.113,0.192,-0.418
10.166,-6.851,308.932
-----
13528
5.950,5.469,8.225
-0.287,-0.114,0.917
-0.112,0.186,-0.418
17.251,-7.079,309.645
-----
13663
-1.505,7.954,-5.119
-0.086,0.029,1.116
-0.104,0.185,-0.422
4.383,1.493,307.958
-----
13782
-5.924,-4.043,6.186
-0.386,-0.042,0.897
-0.115,0.182,-0.413
23.264,-2.689,310.819
-----
13911
1.278,-0.971,-4.025
-0.319,-0.091,0.938
-0.112,0.177,-0.421
18.708,-5.560,310.784
-----
14030
-9.756,22.015,-9.896
-0.266,-0.012,0.925
-0.107,0.165,-0.427
16.038,-0.714,311.445
-----
14148
-4.944,-10.640,16.590
-0.549,-0.219,0.870
-0.109,0.171,-0.420
31.483,-14.102,311.051
-----
14268
-4.935,5.329,-13.379
-0.059,-0.082,0.939
-0.105,0.166,-0.433
3.568,-4.977,310.988
-----
