530
-1.225,30.257,-3.316
-0.178,-0.063,0.967
0.000,0.000,0.000
10.382,-3.740,8.580
-----
671
6.046,11.314,0.822
0.067,-0.064,0.973
0.049,-0.146,-0.445
-3.921,-3.736,117.328
-----
790
-1.785,-1.129,-1.724
-0.214,-0.080,0.955
0.046,-0.140,-0.448
12.572,-4.788,116.843
-----
906
-0.577,15.041,-2.852
0.061,0.012,0.981
0.052,-0.139,-0.449
-3.551,0.702,119.010
-----
1025
4.445,5.915,-9.214
0.035,-0.066,0.978
0.058,-0.146,-0.456
-2.035,-3.843,120.192
-----
1143
2.888,2.564,-4.952
0.101,-0.090,1.031
0.067,-0.150,-0.464
-5.552,-4.989,122.538
-----
1265
-5.512,-1.050,4.664
-0.008,0.028,0.970
0.066,-0.148,-0.458
0.486,1.664,122.713
-----
1381
0.315,-1.304,2.616
0.027,-0.013,1.044
0.067,-0.155,-0.460
-1.499,-0.686,121.991
-----
1501
-2.940,-1.435,7.595
-0.124,-0.158,1.000
0.061,-0.159,-0.461
6.971,-8.947,119.395
-----
1619
-5.075,17.868,26.320
-0.096,-0.052,0.843
0.064,-0.160,-0.464
6.454,-3.560,120.554
-----
1738
-5.932,-7.525,24.649
0.017,0.005,1.155
0.067,-0.162,-0.468
-0.851,0.248,121.105
-----
1861
-3.203,16.905,17.903
0.174,0.042,0.969
0.062,-0.157,-0.469
-10.193,2.490,120.328
-----
1977
16.065,-0.271,28.604
0.131,0.105,0.953
0.060,-0.153,-0.476
-7.756,6.266,119.992
-----
2096
16.870,-7.298,17.666
-0.092,0.069,1.000
0.045,-0.134,-0.475
5.240,3.929,116.943
-----
2215
20.423,-3.098,1.706
-0.104,-0.013,1.032
0.030,-0.119,-0.487
5.775,-0.708,112.680
-----
2334
13.676,10.089,-8.986
-0.135,-0.049,0.936
0.033,-0.103,-0.482
8.210,-2.998,116.288
-----
2457
9.958,11.148,-16.100
-0.070,-0.078,0.894
0.044,-0.100,-0.490
4.450,-4.995,122.251
-----
2574
5.198,-0.210,-15.610
0.051,-0.124,0.891
0.058,-0.101,-0.493
-3.267,-7.942,128.589
-----
2693
11.498,-10.054,-5.670
-0.206,-0.170,0.940
0.062,-0.104,-0.497
12.162,-10.246,129.442
-----
2812
-3.981,7.770,-1.951
0.084,-0.099,0.923
0.066,-0.104,-0.503
-5.197,-6.104,130.916
-----
2931
-5.582,-21.166,2.555
-0.106,-0.022,0.919
0.061,-0.113,-0.496
6.587,-1.369,127.160
-----
3054
-2.152,4.637,5.338
-0.065,-0.086,0.948
0.050,-0.116,-0.500
3.890,-5.181,121.887
-----
3171
4.611,-9.634,-2.118
-0.170,-0.113,1.096
0.057,-0.120,-0.498
8.763,-5.865,123.794
-----
3291
-4.025,-8.313,15.592
-0.124,-0.124,0.834
0.046,-0.118,-0.499
8.349,-8.452,119.722
-----
3409
-4.734,-1.934,21.201
-0.065,0.048,1.220
0.045,-0.125,-0.490
3.035,2.231,118.460
-----
3526
0.577,-11.331,6.685
-0.044,0.030,1.006
0.040,-0.122,-0.490
2.505,1.712,116.718
-----
3642
9.021,23.319,0.525
0.025,0.007,1.013
0.038,-0.121,-0.485
-1.432,0.390,116.172
-----
3764
8.960,-4.016,-1.356
-0.070,-0.114,0.991
0.039,-0.120,-0.492
4.037,-6.535,116.492
-----
3884
4.515,-1.785,6.449
-0.048,-0.114,0.780
0.035,-0.109,-0.487
3.516,-8.303,116.351
-----
4003
-0.035,4.497,11.043
0.053,-0.057,1.133
0.020,-0.115,-0.488
-2.672,-2.901,108.416
-----
4122
1.951,-42.980,11.813
-0.274,-0.156,0.788
-0.000,-0.111,-0.483
18.852,-11.208,98.507
-----
4238
-2.809,-14.744,-2.398
-0.323,-0.071,1.088
-0.029,-0.107,-0.472
16.488,-3.719,83.230
-----
4358
-3.421,3.553,2.800
-0.137,0.012,0.938
-0.032,-0.112,-0.460
8.300,0.745,82.767
-----
4476
4.585,-21.700,8.960
-0.238,-0.019,0.879
-0.047,-0.107,-0.455
15.165,-1.225,74.722
-----
4596
0.534,-5.014,7.595
-0.266,-0.018,0.951
-0.056,-0.104,-0.452
15.647,-1.085,70.164
-----
4715
7.534,8.540,1.173
-0.205,-0.071,1.062
-0.057,-0.106,-0.456
10.895,-3.828,70.234
-----
4831
3.325,5.548,6.090
-0.520,0.012,0.844
-0.053,-0.104,-0.450
31.626,0.828,71.737
-----
4954
0.289,20.624,6.239
-0.051,-0.023,0.972
-0.036,-0.097,-0.467
2.977,-1.334,78.424
-----
5073
-0.105,13.974,10.019
-0.183,-0.018,0.843
-0.027,-0.099,-0.469
12.222,-1.227,83.236
-----
5192
2.660,-4.996,15.855
-0.238,-0.038,0.982
-0.029,-0.097,-0.472
13.627,-2.188,81.790
-----
5311
3.517,-1.067,7.131
-0.308,-0.149,1.114
-0.028,-0.092,-0.467
15.297,-7.626,81.416
-----
5428
-7.534,13.440,4.681
-0.156,-0.138,0.937
-0.032,-0.088,-0.474
9.370,-8.359,78.823
-----
5551
-5.898,15.698,10.762
-0.169,-0.074,0.884
-0.027,-0.106,-0.470
10.810,-4.761,84.365
-----
5670
-18.821,-15.654,-5.355
-0.014,-0.062,0.989
-0.031,-0.109,-0.467
0.808,-3.563,82.518
-----
5788
-32.778,-64.794,-21.087
-0.272,0.029,0.943
-0.054,-0.136,-0.437
16.073,1.760,77.043
-----
5904
-29.969,-33.101,-8.041
-0.476,0.076,0.977
-0.089,-0.175,-0.396
25.914,4.473,71.778
-----
6024
-30.573,-17.614,7.761
-0.524,-0.146,0.990
-0.107,-0.197,-0.374
27.645,-8.377,69.967
-----
6146
-31.474,-10.045,31.448
-0.295,0.087,0.873
-0.111,-0.213,-0.354
18.558,5.687,71.103
-----
6265
-42.088,27.939,49.770
-1.005,0.127,0.680
-0.126,-0.205,-0.342
55.468,10.596,67.073
-----
6384
-12.031,37.572,39.533
-0.070,-0.010,1.171
-0.120,-0.201,-0.357
3.432,-0.513,67.757
-----
6500
-15.820,-11.926,40.688
-0.541,-0.032,0.787
-0.132,-0.192,-0.355
34.493,-2.308,64.125
-----
6619
0.280,54.495,52.045
-0.183,-0.066,1.052
-0.138,-0.166,-0.367
9.835,-3.581,58.713
-----
6738
-25.384,43.697,70.936
-0.644,-0.053,0.934
-0.143,-0.128,-0.372
34.538,-3.274,50.477
-----
6860
-11.489,76.702,56.236
-0.024,0.036,1.043
-0.120,-0.107,-0.411
1.343,1.993,50.359
-----
6979
1.916,23.039,46.358
-0.269,0.029,0.885
-0.094,-0.082,-0.439
16.883,1.847,49.530
-----
7096
5.093,31.981,30.327
-0.105,-0.097,1.084
-0.085,-0.061,-0.454
5.513,-5.094,44.404
-----
7216
0.157,19.058,40.854
0.046,-0.131,1.127
-0.077,-0.039,-0.466
-2.333,-6.605,35.354
-----
7334
5.390,3.754,43.304
-0.175,-0.073,0.978
-0.067,-0.012,-0.468
10.094,-4.263,19.084
-----
7457
7.892,40.705,39.112
0.261,-0.112,1.485
-0.061,0.023,-0.473
-9.953,-4.321,347.836
-----
7577
14.455,23.520,20.554
-0.274,0.066,0.821
-0.065,0.042,-0.477
18.422,4.565,335.957
-----
7694
39.069,39.795,11.865
0.203,-0.085,1.049
-0.034,0.069,-0.487
-10.905,-4.638,304.588
-----
7814
30.292,-14.341,3.027
0.050,-0.160,0.726
-0.015,0.097,-0.495
-3.826,-12.409,287.357
-----
7931
22.566,3.071,-4.690
0.001,-0.215,1.026
-0.024,0.119,-0.485
-0.057,-11.855,290.006
-----
8054
18.594,-4.410,2.415
-0.044,-0.286,1.042
-0.025,0.137,-0.485
2.314,-15.340,288.725
-----
8173
-2.844,-4.813,13.983
-0.112,-0.217,0.972
-0.038,0.143,-0.477
6.436,-12.600,293.483
-----
8293
-0.718,9.555,6.991
-0.171,-0.081,1.044
-0.041,0.138,-0.467
9.265,-4.441,295.322
-----
8409
-2.118,35.096,9.581
0.183,0.068,0.994
-0.027,0.141,-0.483
-10.385,3.887,289.451
-----
8525
6.291,-8.382,2.336
-0.172,0.151,0.981
-0.017,0.143,-0.486
9.813,8.764,285.173
-----
8648
14.166,-10.386,-10.168
-0.097,-0.053,0.893
-0.035,0.151,-0.470
6.203,-3.381,291.699
-----
8765
16.126,4.401,-26.364
0.046,-0.123,1.063
-0.049,0.149,-0.473
-2.438,-6.586,296.707
-----
8881
-4.226,-40.478,2.957
-0.008,-0.171,0.847
-0.061,0.145,-0.471
0.554,-11.381,301.431
-----
9000
-4.699,-54.381,14.735
-0.486,-0.177,0.926
-0.100,0.138,-0.443
27.283,-10.814,314.621
-----
9120
-17.185,-25.804,1.881
-0.532,0.055,0.886
-0.132,0.136,-0.419
30.930,3.576,322.771
-----
9243
-6.449,7.114,9.756
-0.359,-0.024,0.868
-0.135,0.134,-0.423
22.447,-1.595,323.848
-----
9362
-2.826,12.425,14.823
-0.276,0.027,0.780
-0.130,0.134,-0.431
19.500,2.017,322.850
-----
9479
2.940,-35.674,-1.173
-0.391,0.031,1.009
-0.126,0.140,-0.420
21.163,1.734,320.627
-----
9598
12.355,20.388,-1.523
-0.357,0.023,0.834
-0.140,0.135,-0.415
23.151,1.547,324.805
-----
9716
1.890,0.236,-11.480
-0.252,-0.132,1.057
-0.130,0.141,-0.424
13.311,-7.090,321.270
-----
9833
-0.149,15.802,3.500
-0.280,0.049,0.786
-0.123,0.127,-0.438
19.591,3.601,322.555
-----
9953
-2.328,7.639,-2.319
-0.226,-0.203,1.016
-0.108,0.130,-0.437
12.288,-11.305,318.440
-----
10071
-2.310,3.658,-3.605
-0.363,0.053,0.827
-0.104,0.120,-0.438
23.677,3.652,319.652
-----
10190
-1.269,23.021,1.102
-0.061,-0.019,1.246
-0.095,0.115,-0.449
2.824,-0.878,318.331
-----
10310
-6.510,-14.411,-0.324
-0.540,0.119,0.707
-0.103,0.112,-0.450
37.003,9.555,321.123
-----
10428
3.955,25.804,1.636
-0.066,0.059,1.344
-0.094,0.104,-0.452
2.804,2.532,320.754
-----
10548
-3.456,-42.219,7.411
-0.554,-0.002,0.689
-0.101,0.112,-0.439
38.841,-0.198,320.381
-----
10664
13.851,19.241,0.875
-0.095,-0.092,1.006
-0.094,0.111,-0.447
5.400,-5.222,318.761
-----
10783
7.586,-13.904,4.515
-0.481,-0.009,0.960
-0.093,0.118,-0.447
26.634,-0.510,317.031
-----
10903
12.425,-3.141,7.105
-0.087,0.071,1.094
-0.095,0.131,-0.445
4.555,3.713,314.647
-----
11020
19.154,-33.031,23.888
-0.208,0.028,0.744
-0.110,0.142,-0.428
15.573,2.183,316.439
-----
11142
23.205,-38.255,21.542
-0.308,-0.052,1.051
-0.133,0.179,-0.408
16.332,-2.830,315.054
-----
11261
21.149,10.999,18.970
-0.381,-0.025,0.759
-0.140,0.207,-0.390
26.621,-1.868,312.510
-----
11380
29.278,3.089,-4.104
-0.437,-0.027,1.014
-0.143,0.218,-0.387
23.303,-1.530,311.869
-----
11499
29.523,9.293,-16.791
-0.496,0.059,0.907
-0.151,0.236,-0.380
28.596,3.694,311.165
-----
11619
28.052,33.206,-49.840
-0.563,0.015,0.872
-0.155,0.225,-0.371
32.859,1.002,313.093
-----
11738
27.379,46.568,-94.929
-0.337,-0.005,1.018
-0.145,0.193,-0.399
18.327,-0.264,315.536
-----
11856
18.655,52.640,-103.810
-0.226,0.088,0.931
-0.136,0.141,-0.419
13.569,5.425,322.536
-----
11975
24.570,31.413,-86.756
-0.189,0.054,1.125
-0.110,0.097,-0.444
9.522,2.753,327.164
-----
12092
-0.149,-2.931,-57.041
-0.351,0.245,0.958
-0.101,0.061,-0.451
19.569,14.336,337.605
-----
12209
29.251,57.794,-54.574
0.112,0.011,1.328
-0.082,0.042,-0.464
-4.836,0.487,341.549
-----
12332
-0.123,-14.341,-30.993
-0.157,0.167,1.044
-0.067,0.029,-0.476
8.458,9.084,345.252
-----
12450
2.476,36.470,-38.710
0.034,0.324,1.428
-0.043,0.006,-0.481
-1.336,12.767,0.424
-----
12569
-3.824,-24.237,-41.440
-0.630,0.302,0.806
-0.029,-0.015,-0.491
36.234,20.538,36.464
-----
12685
8.540,23.161,-33.014
-0.197,0.115,1.164
-0.004,-0.020,-0.499
9.559,5.664,86.651
-----
12805
7.350,46.252,-40.661
-0.049,0.081,1.266
0.022,-0.041,-0.512
2.219,3.654,126.370
-----
12926
-2.669,34.239,-23.573
0.485,-0.067,1.350
0.061,-0.057,-0.515
-19.760,-2.839,145.816
-----
13045
-25.436,-12.512,-0.595
-0.318,0.128,0.718
0.052,-0.081,-0.510
23.541,10.112,131.275
-----
13162
-13.186,11.664,-3.430
0.122,0.001,1.152
0.070,-0.102,-0.506
-6.062,0.046,132.935
-----
13279
-23.940,12.967,4.139
-0.315,0.103,0.721
0.069,-0.122,-0.492
23.377,8.091,128.097
-----
13396
-18.856,-3.194,18.034
-0.003,-0.009,1.003
0.094,-0.137,-0.499
0.185,-0.533,133.034
-----
13519
-3.666,14.499,8.295
-0.019,0.017,1.051
0.084,-0.156,-0.492
1.057,0.944,127.028
-----
13656
-2.047,-21.534,11.804
0.088,0.080,0.957
0.087,-0.159,-0.488
-5.254,4.801,127.219
-----
13785
7.560,10.868,4.568
-0.157,-0.026,1.133
0.070,-0.163,-0.480
7.868,-1.336,121.779
-----
13900
4.165,-45.535,11.261
-0.297,0.117,0.814
0.066,-0.157,-0.468
19.832,8.202,121.537
-----
14020
8.356,47.679,3.211
0.106,-0.088,0.983
0.064,-0.152,-0.479
-6.103,-5.138,121.555
-----
14140
1.041,-33.233,11.629
-0.100,0.032,1.134
0.066,-0.153,-0.476
5.039,1.611,121.918
-----
14260
10.850,3.141,6.335
-0.202,-0.064,0.991
0.038,-0.141,-0.472
11.524,-3.709,113.811
-----
14377
5.093,-16.301,-16.721
-0.223,0.047,0.953
0.023,-0.137,-0.464
13.126,2.824,108.223
-----
14497
2.634,-5.819,19.390
-0.762,-0.154,0.864
-0.008,-0.140,-0.452
40.975,-10.094,95.483
-----
14617
-5.679,45.780,15.908
-0.113,0.200,1.191
-0.018,-0.131,-0.454
5.323,9.534,90.845
-----
14736
-10.605,-17.789,8.523
-0.381,0.084,1.051
-0.025,-0.127,-0.459
19.874,4.553,87.197
-----
14856
6.370,53.743,-2.809
0.305,0.018,0.994
-0.023,-0.124,-0.454
-17.088,1.066,87.996
-----
14974
6.650,-13.781,2.126
-0.109,-0.011,1.075
-0.017,-0.130,-0.452
5.788,-0.591,91.151
-----
15093
4.524,7.892,9.704
-0.417,-0.022,0.829
-0.025,-0.127,-0.449
26.684,-1.487,87.648
-----
15213
7.516,-4.043,10.063
-0.287,-0.133,1.206
-0.017,-0.121,-0.451
13.296,-6.297,90.794
-----
15329
-4.594,51.100,18.961
-0.306,0.035,0.839
-0.032,-0.115,-0.450
20.005,2.373,82.875
-----
15453
11.156,-6.475,11.209
0.010,-0.106,1.254
-0.023,-0.101,-0.462
-0.464,-4.834,85.666
-----
15568
-8.190,17.063,7.035
-0.302,0.043,0.819
-0.032,-0.106,-0.448
20.194,3.008,81.812
-----
15688
14.464,-41.108,17.404
-0.381,-0.249,0.923
-0.022,-0.099,-0.451
21.723,-15.073,86.086
-----
15807
14.682,15.085,12.443
-0.063,-0.040,0.923
-0.035,-0.088,-0.453
3.926,-2.503,76.983
-----
15922
2.940,-6.807,10.159
-0.321,-0.105,1.115
-0.032,-0.080,-0.455
16.015,-5.387,76.398
-----
16041
3.771,9.249,-12.189
-0.229,0.011,0.833
-0.034,-0.080,-0.454
15.383,0.763,75.442
-----
16161
18.935,-17.273,5.241
-0.546,-0.010,0.899
-0.028,-0.084,-0.456
31.243,-0.649,80.260
-----
16280
-7.595,8.566,-14.814
-0.445,-0.148,0.799
-0.035,-0.084,-0.456
28.728,-10.504,76.109
-----
