486
-1.286,30.240,-3.693
-0.455,-0.001,0.870
0.000,0.000,0.000
27.600,-0.080,8.580
-----
630
-0.691,3.185,1.697
-0.463,0.002,0.863
-0.192,0.130,-0.377
28.219,0.138,334.516
-----
746
3.570,7.980,-2.747
-0.426,-0.007,0.884
-0.188,0.126,-0.384
25.752,-0.451,334.880
-----
865
-3.990,1.347,-1.890
-0.374,0.109,0.900
-0.191,0.123,-0.387
22.434,6.887,335.762
-----
984
6.676,9.555,-15.050
-0.432,0.011,0.907
-0.190,0.106,-0.380
25.452,0.670,339.365
-----
1100
5.250,12.294,-4.419
-0.445,0.011,0.836
-0.188,0.110,-0.391
28.013,0.753,338.297
-----
1222
-1.558,8.496,-4.725
-0.502,0.095,0.845
-0.186,0.103,-0.398
30.577,6.417,339.756
-----
1339
2.957,12.425,2.572
-0.419,0.064,0.882
-0.184,0.097,-0.404
25.315,4.124,340.755
-----
1455
5.093,12.084,4.620
-0.424,0.103,0.895
-0.175,0.099,-0.400
25.218,6.543,339.023
-----
1574
10.955,3.395,3.754
-0.433,-0.025,0.880
-0.164,0.102,-0.415
26.206,-1.620,336.711
-----
1693
3.605,25.174,17.964
-0.390,-0.054,0.900
-0.157,0.117,-0.420
23.382,-3.413,331.759
-----
1816
10.386,30.625,12.084
-0.259,0.007,0.948
-0.133,0.135,-0.440
15.280,0.435,323.072
-----
1934
-2.205,30.791,5.338
-0.184,-0.017,0.983
-0.115,0.136,-0.448
10.614,-0.992,318.814
-----
2054
-0.928,17.150,7.210
-0.096,-0.040,0.948
-0.094,0.133,-0.454
5.756,-2.415,313.849
-----
2173
1.479,16.284,4.008
-0.266,-0.001,0.976
-0.095,0.126,-0.458
15.233,-0.082,315.602
-----
2292
5.889,15.514,5.145
-0.138,-0.044,0.979
-0.074,0.132,-0.469
8.029,-2.581,307.944
-----
2415
5.338,20.388,3.150
-0.141,-0.037,0.984
-0.063,0.135,-0.475
8.170,-2.127,303.626
-----
2534
0.306,16.905,0.271
0.015,-0.004,0.956
-0.046,0.138,-0.483
-0.929,-0.216,296.858
-----
2653
-3.071,11.900,3.526
-0.062,-0.081,0.968
-0.037,0.140,-0.486
3.674,-4.799,293.558
-----
2769
1.400,8.969,0.726
-0.043,-0.048,0.997
-0.031,0.129,-0.489
2.446,-2.736,292.207
-----
2889
0.149,5.758,-0.928
-0.014,-0.019,0.977
-0.025,0.126,-0.496
0.801,-1.131,289.865
-----
3008
2.800,5.049,-2.415
0.008,-0.028,1.002
-0.027,0.125,-0.491
-0.474,-1.607,290.688
-----
3130
0.411,4.314,1.138
-0.025,-0.085,0.973
-0.026,0.131,-0.490
1.471,-4.969,289.620
-----
3246
3.727,3.316,3.938
-0.021,-0.025,0.971
-0.024,0.121,-0.486
1.252,-1.471,289.814
-----
3365
2.783,0.752,-7.350
-0.013,-0.057,1.001
-0.026,0.124,-0.487
0.753,-3.284,290.335
-----
3485
-3.710,-7.954,-2.266
-0.108,0.019,0.981
-0.035,0.112,-0.482
6.280,1.133,295.893
-----
3603
4.340,-2.949,1.671
-0.061,-0.096,0.966
-0.040,0.120,-0.487
3.611,-5.649,297.035
-----
3723
-32.025,-7.429,-5.460
0.135,1.197,1.386
-0.046,0.113,-0.487
-4.213,40.819,300.503
-----
3840
-10.054,-3.386,-4.883
0.074,-0.143,0.970
-0.049,0.110,-0.488
-4.304,-8.391,302.373
-----
3958
6.457,-39.401,-28.683
-0.153,0.075,0.951
-0.069,0.083,-0.483
9.125,4.522,318.462
-----
4078
5.836,-6.886,-4.165
-0.133,0.093,0.943
-0.092,0.085,-0.465
7.986,5.636,325.896
-----
4194
10.972,7.403,14.341
-0.087,-0.024,0.973
-0.095,0.095,-0.465
5.111,-1.429,323.538
-----
4313
7.096,9.573,16.809
0.022,-0.049,1.001
-0.087,0.110,-0.475
-1.266,-2.805,316.695
-----
4431
-2.721,2.039,18.489
-0.035,0.012,1.014
-0.076,0.117,-0.477
1.956,0.703,311.553
-----
4551
8.269,4.410,-0.543
-0.029,-0.004,0.949
-0.077,0.128,-0.474
1.727,-0.217,309.839
-----
4667
2.721,2.765,-2.328
-0.058,0.043,1.000
-0.086,0.125,-0.470
3.295,2.483,313.151
-----
4784
8.969,-3.885,-7.061
-0.050,-0.111,1.038
-0.080,0.122,-0.466
2.743,-6.114,312.102
-----
4907
1.811,11.541,-0.280
0.041,-0.160,0.981
-0.090,0.119,-0.467
-2.333,-9.285,315.601
-----
5022
4.279,-3.447,11.279
0.045,-0.168,1.043
-0.090,0.129,-0.469
-2.459,-9.159,313.518
-----
5142
1.400,1.575,10.631
-0.012,-0.145,1.091
-0.094,0.130,-0.463
0.626,-7.586,314.269
-----
5262
4.060,6.851,6.773
0.123,-0.101,0.967
-0.088,0.137,-0.459
-7.209,-5.949,311.191
-----
5378
4.226,-10.010,9.730
-0.182,-0.100,0.918
-0.084,0.146,-0.458
11.137,-6.195,308.390
-----
5497
-4.742,-2.581,-6.300
-0.262,-0.091,0.934
-0.085,0.150,-0.464
15.595,-5.553,308.151
-----
5620
-8.076,-0.989,2.450
-0.030,-0.025,1.092
-0.081,0.145,-0.463
1.552,-1.290,307.714
-----
5739
-5.425,9.809,6.160
0.027,-0.052,0.999
-0.083,0.135,-0.459
-1.534,-2.983,310.022
-----
5855
3.868,-33.889,5.801
-0.161,-0.122,1.151
-0.091,0.142,-0.459
7.933,-6.029,311.238
-----
5974
6.895,-7.980,8.225
0.054,-0.118,0.949
-0.101,0.142,-0.458
-3.222,-7.098,314.150
-----
6092
8.715,-0.254,4.077
-0.039,0.057,0.998
-0.111,0.137,-0.454
2.209,3.289,317.573
-----
6214
0.577,1.846,-13.563
-0.008,-0.253,1.014
-0.115,0.139,-0.441
0.465,-14.020,318.129
-----
6330
-2.888,0.385,-4.909
-0.061,-0.070,0.915
-0.113,0.130,-0.446
3.826,-4.377,319.520
-----
6446
-3.631,-2.704,10.675
-0.166,-0.016,0.980
-0.110,0.128,-0.443
9.628,-0.916,319.279
-----
6562
1.811,-5.259,2.791
-0.330,0.023,1.090
-0.116,0.129,-0.433
16.823,1.202,320.564
-----
6682
7.385,-11.900,3.220
-0.461,0.023,0.894
-0.122,0.136,-0.432
27.300,1.470,320.538
-----
6805
8.986,20.081,13.318
-0.005,-0.070,0.788
-0.124,0.139,-0.433
0.371,-5.080,320.138
-----
6921
1.006,-10.666,-10.806
-0.319,-0.034,1.004
-0.124,0.132,-0.437
17.604,-1.949,321.799
-----
7041
12.565,8.802,-4.419
-0.263,0.018,0.918
-0.130,0.132,-0.435
16.004,1.142,323.274
-----
7160
8.706,9.599,1.374
-0.165,-0.121,0.976
-0.119,0.140,-0.444
9.496,-7.047,318.816
-----
7276
-2.756,22.969,-0.595
-0.061,-0.006,0.943
-0.109,0.130,-0.450
3.712,-0.385,318.537
-----
7395
4.200,-6.387,-7.884
-0.332,-0.309,1.069
-0.108,0.133,-0.452
16.610,-16.100,317.642
-----
7514
-15.330,12.644,18.681
-0.093,-0.128,0.860
-0.102,0.130,-0.447
6.130,-8.496,316.756
-----
7633
4.305,14.149,0.096
0.121,0.016,1.103
-0.092,0.125,-0.454
-6.279,0.850,314.964
-----
7749
3.780,-17.001,-2.844
-0.158,0.034,0.910
-0.095,0.128,-0.451
9.850,2.127,315.359
-----
7868
2.520,10.684,-14.227
-0.140,0.025,0.969
-0.106,0.120,-0.452
8.211,1.471,320.076
-----
7988
11.471,3.789,-6.256
-0.580,0.029,0.873
-0.108,0.120,-0.448
33.608,1.881,320.416
-----
8111
-5.740,-1.085,4.988
-0.139,-0.106,0.884
-0.099,0.121,-0.457
8.877,-6.846,317.848
-----
8229
5.416,12.364,2.599
0.246,-0.152,1.136
-0.095,0.118,-0.457
-12.116,-7.602,317.512
-----
8349
3.404,-1.286,-0.114
-0.094,-0.211,1.021
-0.105,0.121,-0.446
5.174,-11.671,319.719
-----
8468
0.018,8.977,18.314
-0.148,-0.133,0.958
-0.101,0.122,-0.453
8.722,-7.897,318.112
-----
8583
2.424,5.285,17.430
-0.319,-0.088,0.823
-0.096,0.134,-0.447
21.051,-6.093,314.253
-----
8706
-0.315,-13.073,-7.700
-0.160,-0.090,0.996
-0.089,0.133,-0.461
9.098,-5.149,312.423
-----
8824
1.067,11.979,8.400
0.112,-0.056,0.942
-0.087,0.127,-0.457
-6.795,-3.406,312.994
-----
8944
6.291,-3.798,4.121
-0.256,-0.064,0.960
-0.093,0.130,-0.454
14.882,-3.799,314.170
-----
9060
1.339,10.124,-0.543
-0.072,-0.010,1.016
-0.085,0.134,-0.453
4.055,-0.571,310.842
-----
9177
10.929,13.807,-3.404
-0.042,-0.094,0.909
-0.090,0.133,-0.455
2.646,-5.903,312.673
-----
9299
1.251,-0.009,2.013
-0.196,-0.146,0.880
-0.094,0.134,-0.452
12.391,-9.413,313.492
-----
9419
8.295,3.727,4.576
-0.005,-0.185,1.214
-0.097,0.138,-0.446
0.248,-8.683,313.615
-----
9537
-0.368,-3.325,14.105
-0.321,-0.109,0.898
-0.101,0.141,-0.445
19.527,-6.936,314.015
-----
9653
-4.742,6.344,3.894
-0.247,-0.086,0.891
-0.102,0.140,-0.450
15.414,-5.494,314.468
-----
9773
1.549,11.891,5.714
0.078,0.005,0.967
-0.085,0.137,-0.451
-4.632,0.315,310.386
-----
9894
5.451,-0.683,2.485
-0.094,0.001,1.041
-0.094,0.133,-0.449
5.155,0.034,313.911
-----
10013
9.004,13.939,-3.824
-0.070,-0.092,1.128
-0.093,0.143,-0.454
3.514,-4.685,311.696
-----
10130
-6.239,-6.606,-10.307
-0.223,-0.025,0.878
-0.095,0.136,-0.455
14.220,-1.599,313.532
-----
10246
10.001,14.035,-11.559
0.031,-0.110,0.907
-0.097,0.121,-0.457
-1.966,-6.931,317.369
-----
10364
1.041,5.950,4.410
-0.314,-0.110,0.952
-0.099,0.124,-0.452
18.159,-6.619,317.248
-----
10487
1.461,9.686,5.548
-0.119,-0.040,1.156
-0.096,0.126,-0.453
5.891,-1.967,315.723
-----
10606
-3.071,-6.912,0.604
-0.340,-0.119,0.841
-0.103,0.130,-0.453
21.798,-8.064,317.126
-----
10726
3.596,13.422,1.706
0.290,-0.106,1.329
-0.092,0.114,-0.460
-12.274,-4.547,317.470
-----
10842
-4.016,-2.511,-1.094
-0.295,-0.051,0.775
-0.104,0.117,-0.452
20.795,-3.772,320.128
-----
10961
-0.376,-11.016,3.824
-0.081,-0.054,1.111
-0.102,0.115,-0.459
4.180,-2.797,320.110
-----
11080
2.196,-3.509,8.584
-0.083,0.041,1.055
-0.109,0.113,-0.450
4.504,2.222,322.572
-----
11203
11.174,-3.675,16.048
-0.315,0.090,0.755
-0.108,0.123,-0.455
22.479,6.766,319.858
-----
11321
24.719,-0.954,5.040
-0.091,0.009,0.962
-0.104,0.139,-0.448
5.421,0.563,315.339
-----
11441
25.944,-10.500,-4.191
-0.501,0.105,0.784
-0.122,0.167,-0.431
32.378,7.664,314.750
-----
11560
41.624,22.601,-49.604
-0.113,0.030,1.141
-0.126,0.175,-0.421
5.651,1.510,314.359
-----
11680
39.987,-14.079,-79.940
-0.382,0.025,0.753
-0.141,0.167,-0.410
26.895,1.865,318.790
-----
11803
42.420,25.987,-69.746
-0.141,-0.114,0.847
-0.151,0.136,-0.418
9.339,-7.675,326.428
-----
11922
7.997,-11.664,-81.673
-0.312,0.267,0.934
-0.153,0.100,-0.416
17.808,15.947,335.424
-----
12039
31.946,43.610,-62.195
-0.260,-0.230,1.073
-0.150,0.085,-0.428
13.313,-12.100,338.997
-----
12158
-4.358,-4.532,-48.151
-0.247,0.177,1.043
-0.137,0.056,-0.444
13.156,9.626,346.267
-----
12277
-0.490,23.074,-44.555
-0.000,0.125,1.146
-0.127,0.031,-0.451
0.003,6.223,354.707
-----
12400
-12.040,-35.306,-29.759
-0.341,0.069,1.043
-0.100,0.004,-0.470
18.056,3.757,6.174
-----
12519
48.458,52.526,-40.530
-0.062,0.008,1.027
-0.090,-0.012,-0.476
3.448,0.466,16.409
-----
12634
-8.969,-2.424,-16.704
-0.333,0.275,1.057
-0.058,-0.020,-0.495
16.958,14.574,27.882
-----
12750
3.675,19.049,-3.517
-0.238,0.402,1.236
-0.053,-0.037,-0.486
10.381,18.021,43.165
-----
12870
1.837,56.175,-23.782
-0.327,0.192,1.289
-0.034,-0.036,-0.494
14.105,8.481,55.171
-----
12993
-10.911,17.001,-26.241
-0.110,0.077,1.115
0.010,-0.057,-0.508
5.603,3.974,108.996
-----
13109
-34.781,36.986,-31.343
-0.082,0.226,0.836
0.021,-0.086,-0.500
5.409,15.131,112.463
-----
13229
-9.695,-0.044,-11.410
0.051,0.059,0.961
0.044,-0.109,-0.498
-3.045,3.515,120.432
-----
13347
-5.950,5.110,-10.430
-0.412,0.026,0.622
0.032,-0.132,-0.488
33.527,2.376,112.041
-----
13466
-15.041,28.788,7.017
0.041,-0.075,1.278
0.057,-0.143,-0.479
-1.836,-3.350,120.236
-----
13605
-7.280,29.024,8.172
-0.254,-0.040,0.844
0.046,-0.147,-0.476
16.716,-2.710,116.012
-----
13733
5.609,-31.439,14.158
-0.181,-0.028,1.117
0.053,-0.156,-0.468
9.213,-1.413,117.399
-----
13850
-2.966,12.241,14.858
-0.213,-0.091,0.994
0.037,-0.152,-0.466
12.041,-5.216,112.379
-----
13969
11.725,-20.974,2.730
0.117,0.032,0.740
0.045,-0.146,-0.470
-8.943,2.446,115.721
-----
14089
3.929,20.983,6.571
-0.420,-0.102,0.678
0.037,-0.150,-0.466
31.463,-8.512,112.402
-----
14212
-1.269,-27.536,7.280
-0.467,-0.039,0.906
0.038,-0.148,-0.464
27.268,-2.449,112.999
-----
14330
3.132,41.834,7.954
-0.206,-0.129,1.142
0.027,-0.138,-0.466
10.140,-6.441,109.790
-----
14447
4.786,-19.976,8.409
-0.061,-0.081,1.210
0.041,-0.138,-0.471
2.866,-3.831,115.098
-----
14563
6.545,30.406,10.194
-0.212,-0.049,0.853
0.019,-0.127,-0.466
13.956,-3.266,106.913
-----
14680
10.806,3.465,0.822
0.159,-0.065,1.122
0.033,-0.124,-0.473
-8.072,-3.301,113.709
-----
14802
6.440,12.259,-2.503
-0.282,0.072,0.784
0.016,-0.115,-0.466
19.744,5.270,106.681
-----
14922
8.846,2.100,11.498
0.109,-0.077,1.051
0.031,-0.109,-0.481
-5.887,-4.174,114.555
-----
15040
3.483,7.805,-10.762
-0.260,-0.075,0.911
0.020,-0.104,-0.474
15.870,-4.716,109.460
-----
15156
8.986,-41.790,-3.850
-0.271,-0.229,0.771
0.038,-0.096,-0.481
18.619,-16.511,120.077
-----
15276
10.727,29.085,5.670
0.064,-0.110,0.943
0.044,-0.102,-0.478
-3.869,-6.638,122.168
-----
15394
-0.455,-33.950,7.140
-0.406,-0.040,0.840
0.042,-0.106,-0.476
25.789,-2.723,120.186
-----
15517
9.922,-8.715,8.181
-0.261,-0.101,0.897
0.028,-0.099,-0.482
16.143,-6.402,114.108
-----
15634
9.756,-23.459,12.740
-0.436,-0.242,0.934
0.011,-0.099,-0.480
24.304,-14.551,104.965
-----
15753
9.993,5.057,-7.543
-0.231,-0.117,0.988
-0.005,-0.098,-0.474
13.079,-6.780,95.546
-----
15872
1.111,-15.873,6.186
-0.324,-0.074,0.891
-0.003,-0.098,-0.477
19.924,-4.727,96.611
-----
15988
11.821,3.868,17.657
-0.118,-0.229,0.991
-0.014,-0.075,-0.480
6.635,-12.990,87.845
-----
16110
-2.328,23.310,11.699
-0.197,0.013,1.106
-0.026,-0.071,-0.473
10.101,0.689,78.606
-----
16230
-6.178,8.330,-7.227
0.071,-0.186,1.181
-0.010,-0.073,-0.480
-3.421,-8.950,90.404
-----
16346
-6.230,-0.858,-5.460
-0.276,0.086,0.895
-0.009,-0.077,-0.474
17.049,5.499,91.852
-----
16462
16.153,-23.782,5.180
-0.011,-0.090,1.102
-0.009,-0.079,-0.479
0.594,-4.682,92.129
-----
16581
10.395,4.760,5.399
-0.272,-0.150,0.901
-0.011,-0.081,-0.482
16.547,-9.440,90.979
-----
16701
-3.273,-31.395,6.790
-0.335,-0.068,0.900
-0.014,-0.078,-0.479
20.366,-4.291,88.666
-----
16817
6.921,11.839,-8.706
0.330,0.149,1.312
-0.013,-0.084,-0.479
-14.021,6.471,89.848
-----
16936
9.091,-12.941,20.554
-0.756,-0.259,0.662
-0.028,-0.076,-0.479
46.766,-21.350,78.462
-----
17056
27.449,-20.396,3.491
-0.168,-0.324,1.165
-0.018,-0.076,-0.481
7.889,-15.548,85.245
-----
17172
8.400,11.602,7.709
-0.545,-0.074,0.751
-0.034,-0.071,-0.472
35.852,-5.649,72.830
-----
17291
2.791,-25.016,-6.492
-0.243,-0.183,0.940
-0.022,-0.075,-0.469
14.241,-10.986,81.999
-----
17410
11.261,8.347,7.840
-0.402,-0.166,0.916
-0.038,-0.073,-0.463
23.326,-10.276,71.020
-----
17529
1.374,10.290,-3.474
-0.050,-0.094,1.011
-0.035,-0.075,-0.467
2.841,-5.284,73.628
-----
17645
-2.870,0.009,9.748
-0.325,-0.216,0.904
-0.038,-0.066,-0.467
19.302,-13.447,68.415
-----
17762
-4.926,-5.259,8.120
-0.348,0.025,0.946
-0.032,-0.071,-0.456
20.218,1.522,73.999
-----
17885
1.995,22.041,-6.125
-0.098,0.164,1.088
-0.034,-0.075,-0.450
5.095,8.593,73.975
-----
18000
2.555,-6.142,4.795
-0.349,-0.169,0.960
-0.038,-0.064,-0.455
19.717,-10.011,67.933
-----
18120
4.454,1.724,1.750
-0.155,-0.184,0.959
-0.024,-0.073,-0.447
8.996,-10.836,80.112
-----
18239
-6.274,10.806,11.611
-0.320,-0.070,0.955
-0.030,-0.078,-0.449
18.502,-4.199,77.453
-----
