521
-0.989,30.450,-2.975
-0.461,0.067,0.885
0.000,0.000,0.000
27.437,4.317,8.580
-----
662
1.129,1.558,0.683
-0.475,0.069,0.852
-0.203,0.042,-0.366
29.063,4.631,356.891
-----
779
0.814,-2.284,-1.942
-0.509,0.070,0.866
-0.206,0.040,-0.370
30.335,4.606,357.615
-----
894
-1.129,6.904,-3.561
-0.450,0.097,0.863
-0.205,0.037,-0.364
27.397,6.442,358.244
-----
1013
-1.286,-1.304,-4.279
-0.484,0.153,0.865
-0.203,0.026,-0.364
28.860,10.023,1.198
-----
1132
2.179,3.649,-6.090
-0.463,0.137,0.870
-0.199,0.020,-0.365
27.720,8.931,2.945
-----
1252
10.264,6.475,-1.715
-0.416,0.186,0.893
-0.200,0.016,-0.368
24.529,11.777,4.059
-----
1371
7.630,2.450,-4.664
-0.407,0.008,0.911
-0.196,0.014,-0.371
24.078,0.510,4.582
-----
1490
4.532,3.754,1.085
-0.396,0.208,0.907
-0.202,0.014,-0.373
23.032,12.935,4.703
-----
1609
9.704,9.004,15.549
-0.348,0.152,0.888
-0.197,0.022,-0.382
21.109,9.705,2.258
-----
1728
10.903,7.359,14.989
-0.366,0.026,0.875
-0.196,0.039,-0.382
22.715,1.725,357.325
-----
1848
4.497,0.298,1.269
-0.422,-0.007,0.928
-0.197,0.049,-0.384
24.456,-0.441,354.553
-----
1968
4.104,2.660,3.806
-0.388,0.089,0.939
-0.194,0.051,-0.383
22.359,5.430,354.001
-----
2086
4.926,4.314,3.640
-0.299,0.029,0.956
-0.195,0.053,-0.388
17.381,1.729,353.360
-----
2203
9.354,2.879,-3.771
-0.383,0.046,0.943
-0.200,0.057,-0.389
22.069,2.789,352.651
-----
2320
2.581,-2.441,7.000
-0.388,-0.002,0.998
-0.191,0.054,-0.393
21.269,-0.119,352.690
-----
2436
6.685,11.786,5.101
-0.322,-0.072,0.958
-0.190,0.068,-0.396
18.506,-4.315,349.001
-----
2558
-4.637,14.052,12.198
-0.352,-0.044,0.837
-0.179,0.067,-0.398
22.763,-3.043,348.048
-----
2675
1.347,10.168,8.304
-0.144,-0.096,1.074
-0.171,0.078,-0.413
7.604,-5.128,344.150
-----
2795
-3.561,-1.374,11.480
-0.265,-0.027,0.974
-0.167,0.079,-0.409
15.232,-1.593,343.294
-----
2913
0.569,10.106,18.847
-0.323,-0.002,0.948
-0.166,0.082,-0.413
18.830,-0.100,342.364
-----
3030
7.053,25.882,9.721
-0.047,-0.093,1.045
-0.156,0.096,-0.424
2.570,-5.080,336.927
-----
3149
6.974,16.739,18.165
-0.229,-0.140,0.938
-0.140,0.108,-0.428
13.552,-8.484,330.923
-----
3268
1.076,-5.486,17.159
-0.124,-0.013,1.117
-0.128,0.120,-0.446
6.325,-0.692,325.428
-----
3387
11.594,14.962,1.855
-0.301,-0.248,0.869
-0.133,0.125,-0.438
18.454,-15.952,325.195
-----
3504
-4.813,-21.551,11.078
-0.080,-0.001,0.968
-0.118,0.123,-0.443
4.714,-0.043,322.517
-----
3623
6.239,22.628,13.300
0.001,0.010,1.083
-0.125,0.127,-0.445
-0.052,0.555,323.135
-----
3746
8.575,-4.077,5.224
-0.141,-0.012,1.004
-0.121,0.139,-0.442
7.997,-0.675,319.549
-----
3865
7.219,3.658,-15.400
-0.079,-0.042,1.016
-0.124,0.133,-0.440
4.469,-2.362,321.706
-----
3981
4.795,11.708,-18.340
-0.099,0.020,0.983
-0.124,0.130,-0.442
5.741,1.149,322.287
-----
4101
9.686,9.319,-19.233
-0.083,-0.044,1.002
-0.122,0.118,-0.445
4.706,-2.535,324.547
-----
4219
2.336,-5.495,-7.446
-0.219,-0.122,1.080
-0.120,0.120,-0.444
11.410,-6.466,323.613
-----
4342
-1.558,16.949,-11.515
-0.099,-0.018,0.865
-0.116,0.104,-0.450
6.510,-1.188,326.703
-----
4459
5.486,3.850,-0.219
-0.018,-0.126,1.016
-0.117,0.095,-0.453
1.021,-7.056,329.406
-----
4576
0.455,2.135,-3.517
-0.284,-0.106,0.873
-0.131,0.097,-0.441
17.878,-6.894,332.212
-----
4694
-4.594,-8.400,10.141
-0.071,-0.113,1.001
-0.128,0.089,-0.441
4.050,-6.455,333.934
-----
4813
-4.769,12.163,26.696
-0.228,-0.046,0.974
-0.135,0.100,-0.442
13.171,-2.705,332.064
-----
4935
3.780,-0.333,15.059
-0.204,-0.031,0.945
-0.127,0.109,-0.445
12.181,-1.886,327.932
-----
5055
-3.185,19.994,13.309
-0.025,-0.147,0.994
-0.110,0.110,-0.456
1.426,-8.438,323.653
-----
5171
-3.868,10.220,-1.881
-0.098,-0.041,0.935
-0.104,0.103,-0.460
5.982,-2.525,323.813
-----
5291
-7.656,-4.200,-0.026
-0.026,0.017,0.829
-0.105,0.101,-0.460
1.795,1.180,324.476
-----
5409
-1.523,-5.224,10.141
0.035,0.033,1.018
-0.107,0.090,-0.458
-1.976,1.871,328.590
-----
5528
-1.514,-28.910,12.976
-0.206,0.038,1.045
-0.122,0.094,-0.450
11.165,2.055,331.158
-----
5651
3.911,-23.520,21.359
-0.297,-0.017,1.074
-0.149,0.103,-0.438
15.480,-0.892,333.759
-----
5767
13.851,-12.189,6.265
-0.452,-0.061,0.922
-0.173,0.116,-0.414
26.090,-3.756,334.719
-----
5886
-2.047,-20.685,4.611
-0.179,-0.029,0.867
-0.174,0.124,-0.408
11.670,-1.945,333.077
-----
6005
7.271,6.352,7.315
-0.454,-0.090,0.817
-0.184,0.125,-0.399
28.923,-6.291,334.470
-----
6124
-1.015,10.614,12.512
-0.052,-0.033,1.168
-0.171,0.127,-0.405
2.538,-1.636,331.996
-----
6244
-2.844,-20.808,7.700
-0.697,0.017,0.753
-0.190,0.129,-0.395
42.794,1.318,334.445
-----
6363
9.293,3.579,-10.001
-0.355,0.018,0.974
-0.188,0.126,-0.392
20.017,1.062,334.851
-----
6481
3.964,7.963,-14.149
-0.441,-0.121,1.005
-0.186,0.124,-0.391
23.534,-6.845,335.039
-----
6598
-1.732,14.814,-4.559
-0.077,-0.072,0.988
-0.180,0.105,-0.409
4.468,-4.181,338.396
-----
6715
-2.126,-19.679,19.915
-0.615,0.037,0.833
-0.186,0.108,-0.397
36.427,2.513,338.391
-----
6838
-0.420,12.574,4.051
-0.206,-0.029,1.118
-0.180,0.117,-0.407
10.438,-1.485,335.490
-----
6953
6.326,9.074,3.246
-0.396,-0.026,0.888
-0.172,0.119,-0.409
24.035,-1.704,333.996
-----
7073
11.672,0.289,1.321
-0.127,-0.054,1.075
-0.171,0.120,-0.411
6.755,-2.863,333.604
-----
7193
6.090,19.469,-0.368
-0.362,0.080,0.912
-0.177,0.129,-0.402
21.544,4.987,332.553
-----
7309
15.085,7.140,-23.257
-0.483,0.084,1.012
-0.180,0.129,-0.410
25.431,4.753,332.983
-----
7428
21.577,34.151,-29.820
-0.202,0.160,0.827
-0.164,0.110,-0.419
13.456,10.971,334.800
-----
7546
34.650,6.160,-54.206
-0.381,0.013,0.935
-0.156,0.112,-0.426
22.194,0.826,332.902
-----
7666
38.439,-11.113,-45.132
-0.559,0.112,0.880
-0.158,0.100,-0.426
32.195,7.283,336.092
-----
7782
38.071,15.146,-52.045
-0.416,-0.026,0.646
-0.161,0.094,-0.427
32.750,-2.321,338.457
-----
7899
40.495,23.301,-45.290
-0.103,-0.072,1.125
-0.140,0.091,-0.440
5.225,-3.652,335.570
-----
8022
25.051,16.625,-53.813
-0.419,0.076,0.796
-0.134,0.076,-0.440
27.661,5.447,339.080
-----
8141
30.415,26.478,-61.792
-0.173,0.028,1.239
-0.128,0.059,-0.454
7.961,1.295,343.721
-----
8260
25.751,11.559,-54.565
-0.434,0.062,1.121
-0.123,0.042,-0.450
21.115,3.145,349.851
-----
8375
18.524,29.295,-50.540
-0.540,0.182,0.879
-0.116,0.025,-0.453
31.029,11.701,356.301
-----
8492
32.751,21.052,-52.255
0.051,-0.190,1.395
-0.081,0.015,-0.473
-2.082,-7.776,358.188
-----
8610
2.362,40.845,-31.255
-0.135,-0.019,0.894
-0.068,0.002,-0.480
8.575,-1.212,6.823
-----
8733
8.137,21.481,-24.649
-0.087,0.043,1.099
-0.038,-0.018,-0.493
4.508,2.262,33.935
-----
8850
9.047,31.806,-9.118
0.055,-0.078,1.251
-0.022,-0.020,-0.503
-2.511,-3.581,50.507
-----
8967
-12.521,11.786,-7.403
-0.266,0.164,1.051
-0.009,-0.036,-0.502
14.048,8.874,83.803
-----
9082
1.242,-23.546,-15.006
0.133,0.020,1.061
-0.010,-0.048,-0.497
-7.142,1.058,87.108
-----
9201
-8.549,-22.531,6.764
-0.078,-0.026,1.167
-0.041,-0.052,-0.482
3.845,-1.285,59.920
-----
9324
-15.409,-18.603,-15.050
-0.521,0.069,0.737
-0.062,-0.069,-0.464
35.156,5.321,56.875
-----
9443
-1.365,-2.739,-12.670
-0.329,-0.044,0.805
-0.053,-0.086,-0.467
22.195,-3.162,66.676
-----
9562
-17.579,10.168,-1.776
-0.309,0.038,0.763
-0.041,-0.105,-0.470
22.059,2.820,77.123
-----
9678
-8.461,14.595,-3.386
-0.168,-0.007,1.111
-0.036,-0.119,-0.463
8.599,-0.381,81.819
-----
9798
-5.241,-9.118,6.624
-0.621,0.010,0.850
-0.032,-0.134,-0.460
36.185,0.662,85.349
-----
9921
-0.219,-7.245,4.786
-0.388,-0.008,1.013
-0.025,-0.137,-0.456
20.957,-0.466,88.409
-----
10037
-1.479,1.452,14.840
-0.540,-0.028,0.659
-0.035,-0.130,-0.449
39.322,-2.407,83.393
-----
10156
-5.898,-26.784,19.267
-0.105,0.040,1.071
-0.029,-0.138,-0.449
5.589,2.159,86.680
-----
10275
11.384,-10.797,9.135
-0.486,0.047,0.900
-0.056,-0.131,-0.438
28.317,2.980,75.530
-----
10394
22.470,-7.026,4.436
-0.335,-0.179,0.908
-0.063,-0.119,-0.442
19.908,-11.151,70.661
-----
10517
6.921,-19.976,8.382
-0.373,-0.112,0.915
-0.085,-0.107,-0.442
22.009,-6.984,60.003
-----
10634
-9.083,-8.951,-16.958
-0.462,0.055,0.803
-0.081,-0.113,-0.438
29.852,3.907,62.841
-----
10754
29.251,-15.444,4.051
-0.093,-0.117,0.926
-0.065,-0.124,-0.445
5.703,-7.193,71.018
-----
10873
8.278,1.837,22.846
-0.567,-0.056,0.873
-0.096,-0.099,-0.430
32.955,-3.693,54.446
-----
10989
-0.621,0.543,-3.010
-0.330,-0.244,0.868
-0.085,-0.097,-0.439
20.126,-15.724,57.101
-----
11108
-6.720,11.226,17.640
-0.446,-0.103,0.737
-0.090,-0.098,-0.441
30.950,-7.955,56.221
-----
11227
9.502,-27.169,9.538
-0.717,-0.105,0.745
-0.086,-0.105,-0.435
43.612,-8.052,59.386
-----
11346
10.001,1.496,-10.500
-0.553,-0.105,0.903
-0.093,-0.100,-0.426
31.316,-6.616,55.495
-----
11462
5.740,-11.541,9.686
-0.590,-0.237,0.874
-0.087,-0.100,-0.427
33.095,-15.209,57.605
-----
11579
-1.295,25.725,-7.359
-0.079,-0.119,0.915
-0.076,-0.098,-0.435
4.920,-7.419,60.802
-----
11702
-12.416,-14.840,10.780
-0.662,-0.091,0.857
-0.085,-0.089,-0.427
37.526,-6.047,55.009
-----
11822
-8.566,7.376,-11.856
-0.214,0.016,0.919
-0.066,-0.112,-0.433
13.104,1.004,67.902
-----
