497
-1.033,30.118,-3.447
-0.471,0.022,0.883
0.000,0.000,0.000
28.085,1.433,8.580
-----
640
3.255,1.155,3.395
-0.438,0.026,0.859
-0.193,0.126,-0.391
26.976,1.703,335.450
-----
758
-0.551,-1.400,0.700
-0.489,0.038,0.868
-0.196,0.129,-0.392
29.375,2.491,335.308
-----
877
3.946,5.311,-1.768
-0.503,0.067,0.860
-0.197,0.125,-0.389
30.249,4.444,336.138
-----
997
7.131,9.590,-6.580
-0.512,0.053,0.877
-0.193,0.123,-0.393
30.222,3.453,336.144
-----
1113
3.500,19.653,-2.888
-0.431,0.034,0.878
-0.188,0.116,-0.409
26.125,2.187,337.025
-----
1234
9.328,22.776,1.916
-0.218,0.023,0.932
-0.171,0.114,-0.420
13.149,1.429,334.944
-----
1354
12.967,1.873,-0.105
-0.383,-0.101,0.996
-0.164,0.118,-0.419
20.914,-5.764,332.839
-----
1474
7.525,24.684,-5.355
-0.209,0.080,0.922
-0.157,0.123,-0.424
12.731,4.946,330.472
-----
1589
10.097,11.681,-6.799
-0.162,-0.014,0.975
-0.139,0.118,-0.438
9.428,-0.828,328.150
-----
1709
10.281,2.520,-6.545
-0.133,-0.102,1.024
-0.142,0.122,-0.436
7.360,-5.674,327.862
-----
1831
-1.969,-3.509,0.324
-0.219,-0.027,0.984
-0.148,0.130,-0.436
12.548,-1.553,327.325
-----
1950
-0.105,10.684,0.647
-0.256,-0.102,0.944
-0.152,0.125,-0.434
15.103,-6.182,329.271
-----
2067
-3.176,6.169,2.756
-0.077,-0.029,1.038
-0.142,0.113,-0.435
4.258,-1.586,329.996
-----
2184
-4.541,18.743,0.700
-0.038,-0.031,0.982
-0.136,0.121,-0.437
2.211,-1.832,326.914
-----
2301
11.743,8.024,0.096
-0.050,-0.020,1.024
-0.131,0.115,-0.441
2.800,-1.130,327.282
-----
2424
6.020,1.173,0.280
0.122,-0.163,1.082
-0.131,0.128,-0.442
-6.379,-8.542,324.231
-----
2541
-3.168,-1.216,8.356
-0.165,-0.024,0.976
-0.133,0.122,-0.438
9.601,-1.389,326.067
-----
2660
12.259,0.971,4.576
-0.122,0.046,0.818
-0.136,0.127,-0.435
8.450,3.247,325.715
-----
2779
0.087,24.631,5.609
-0.515,-0.082,0.779
-0.146,0.128,-0.421
33.334,-5.977,327.499
-----
2895
-1.977,2.441,9.196
-0.296,-0.073,0.987
-0.140,0.132,-0.439
16.646,-4.236,325.144
-----
3015
0.700,-14.017,13.528
0.074,-0.049,1.281
-0.137,0.131,-0.444
-3.304,-2.171,324.929
-----
3138
3.622,-5.924,5.661
-0.171,0.129,0.967
-0.150,0.133,-0.428
9.935,7.587,327.013
-----
3254
1.129,-13.081,4.384
-0.179,-0.082,1.059
-0.152,0.142,-0.422
9.539,-4.439,325.491
-----
3373
18.288,6.265,14.892
-0.123,-0.262,1.011
-0.162,0.146,-0.412
6.728,-14.544,326.464
-----
3492
-5.661,0.280,-7.009
-0.115,0.041,0.879
-0.151,0.141,-0.425
7.430,2.682,325.642
-----
3608
7.105,3.964,-10.010
-0.495,0.057,0.866
-0.160,0.133,-0.419
29.710,3.746,328.740
-----
3727
4.699,-0.044,-7.718
-0.295,0.036,1.001
-0.149,0.125,-0.433
16.426,2.080,328.584
-----
3843
0.779,-7.420,-7.245
-0.378,0.014,1.138
-0.152,0.125,-0.427
18.357,0.688,329.202
-----
3961
1.339,-13.449,-9.231
-0.365,-0.005,0.892
-0.165,0.121,-0.419
22.258,-0.329,332.212
-----
4078
-0.569,32.533,-2.783
-0.007,-0.012,0.754
-0.165,0.113,-0.423
0.514,-0.913,334.311
-----
4195
-2.389,11.471,6.309
-0.329,0.225,0.957
-0.160,0.110,-0.427
18.503,13.216,334.169
-----
4317
1.015,19.224,17.491
-0.071,-0.166,0.977
-0.149,0.115,-0.436
4.114,-9.666,330.884
-----
4435
1.715,32.340,7.061
0.006,-0.205,1.019
-0.134,0.118,-0.447
-0.346,-11.361,327.174
-----
4555
-6.326,-5.863,9.704
-0.326,-0.084,0.908
-0.134,0.115,-0.446
19.685,-5.315,327.900
-----
4674
-11.130,-3.334,14.560
-0.136,-0.060,1.147
-0.137,0.103,-0.444
6.733,-3.014,331.729
-----
4791
-7.158,6.851,29.549
0.051,-0.055,1.118
-0.130,0.112,-0.443
-2.618,-2.802,327.771
-----
4910
7.770,17.220,4.497
-0.258,-0.139,1.023
-0.135,0.120,-0.445
14.015,-7.736,326.935
-----
5028
0.236,3.588,-1.706
-0.260,0.056,1.025
-0.129,0.121,-0.451
14.216,3.121,325.403
-----
5148
7.910,-9.188,-1.890
-0.416,0.003,0.871
-0.126,0.118,-0.443
25.503,0.229,325.618
-----
5264
2.686,-0.298,-5.285
-0.090,-0.065,0.795
-0.137,0.117,-0.453
6.426,-4.676,327.901
-----
5381
9.371,-0.866,19.171
0.062,-0.168,1.262
-0.137,0.121,-0.435
-2.787,-7.573,327.001
-----
5498
3.001,-40.749,19.845
-0.225,-0.093,0.966
-0.148,0.136,-0.424
13.056,-5.514,326.119
-----
5621
-0.595,-12.679,7.805
-0.351,0.075,0.883
-0.171,0.151,-0.409
21.632,4.847,327.153
-----
5740
2.800,-8.627,-2.135
-0.549,-0.072,0.903
-0.179,0.147,-0.395
31.211,-4.567,329.049
-----
5860
0.971,-8.890,-5.801
-0.321,-0.035,0.896
-0.180,0.144,-0.399
19.715,-2.249,329.926
-----
5979
-4.524,-7.639,1.050
-0.239,-0.028,0.864
-0.186,0.136,-0.393
15.427,-1.840,332.364
-----
6097
-0.875,-9.196,-0.061
-0.438,0.071,0.925
-0.196,0.132,-0.387
25.304,4.388,334.646
-----
6217
-1.540,10.841,2.940
-0.325,-0.061,0.982
-0.201,0.133,-0.388
18.295,-3.533,335.176
-----
6337
5.889,10.194,-0.892
-0.501,0.105,0.836
-0.189,0.129,-0.389
30.701,7.180,334.239
-----
6455
8.234,14.788,-2.389
-0.384,0.022,0.838
-0.179,0.129,-0.405
24.629,1.531,332.865
-----
6575
7.070,12.145,-11.909
-0.239,-0.171,0.921
-0.169,0.132,-0.406
14.291,-10.537,330.649
-----
6694
1.207,10.185,4.349
-0.163,-0.143,1.046
-0.164,0.122,-0.423
8.759,-7.769,331.875
-----
6817
-6.160,6.895,12.609
-0.370,-0.016,0.799
-0.159,0.123,-0.413
24.856,-1.119,330.681
-----
6936
0.376,21.166,5.066
-0.248,0.039,0.942
-0.164,0.120,-0.426
14.735,2.391,332.396
-----
7052
0.936,-1.400,5.495
-0.064,0.008,1.027
-0.151,0.122,-0.430
3.541,0.425,329.604
-----
7172
2.695,12.889,7.831
-0.147,-0.016,1.022
-0.149,0.129,-0.431
8.196,-0.872,327.678
-----
7290
8.496,-19.399,2.336
-0.498,0.106,0.962
-0.150,0.126,-0.424
27.203,6.287,328.445
-----
7413
0.586,-14.674,-0.446
0.074,-0.154,0.911
-0.151,0.132,-0.418
-4.561,-9.618,327.477
-----
7530
-0.385,-19.381,4.401
-0.465,-0.050,0.978
-0.177,0.128,-0.405
25.394,-2.921,332.674
-----
7647
-8.251,-3.132,13.807
-0.429,-0.076,0.890
-0.185,0.128,-0.401
25.641,-4.860,333.898
-----
7764
-3.894,-6.178,9.748
-0.249,0.001,1.027
-0.185,0.121,-0.397
13.660,0.065,335.433
-----
7884
-0.560,3.491,4.358
-0.472,0.020,0.827
-0.191,0.125,-0.388
29.695,1.377,335.289
-----
8007
9.599,-4.165,0.647
-0.262,-0.004,0.991
-0.189,0.124,-0.394
14.787,-0.247,335.274
-----
8127
15.216,15.295,-13.965
-0.532,0.030,0.854
-0.188,0.125,-0.392
31.891,1.992,334.919
-----
8243
17.806,35.752,-20.046
-0.075,-0.119,0.978
-0.172,0.114,-0.408
4.359,-6.932,334.922
-----
8363
5.443,-7.796,17.754
-0.515,-0.083,0.795
-0.173,0.126,-0.416
32.820,-5.941,332.423
-----
8481
12.556,3.325,6.204
-0.337,-0.001,1.058
-0.167,0.136,-0.415
17.689,-0.033,329.338
-----
8597
23.153,22.339,-13.895
0.093,0.093,1.142
-0.159,0.140,-0.415
-4.652,4.656,327.330
-----
8717
30.214,1.435,-6.081
-0.727,0.269,0.661
-0.183,0.139,-0.403
45.549,22.127,331.298
-----
8836
48.702,30.879,-70.254
0.021,-0.078,1.211
-0.165,0.136,-0.406
-0.999,-3.689,329.072
-----
8955
50.155,26.801,-63.928
-0.395,0.052,0.595
-0.177,0.120,-0.407
33.437,5.019,334.515
-----
9071
43.120,29.750,-41.178
-0.046,-0.040,0.997
-0.166,0.120,-0.424
2.632,-2.309,332.659
-----
9188
28.656,17.754,-53.961
-0.156,0.163,1.134
-0.164,0.107,-0.427
7.743,8.203,335.457
-----
9311
38.290,3.885,-49.980
-0.559,-0.017,1.179
-0.170,0.081,-0.426
25.363,-0.809,343.252
-----
9431
27.195,40.565,-89.092
-0.093,0.127,1.366
-0.154,0.047,-0.438
3.874,5.297,351.496
-----
9548
-6.676,-10.360,-54.408
-0.372,0.315,1.211
-0.130,0.018,-0.453
16.565,14.588,0.467
-----
9668
29.225,39.349,-53.734
-0.158,0.306,1.023
-0.104,-0.016,-0.472
8.397,16.678,17.280
-----
9785
10.850,4.515,-29.890
-0.186,0.191,1.321
-0.084,-0.020,-0.477
7.928,8.216,22.144
-----
9907
18.462,30.739,-39.926
-0.213,0.227,1.105
-0.074,-0.040,-0.480
10.687,11.630,36.887
-----
10025
38.132,35.586,-30.896
0.114,0.028,1.072
-0.042,-0.040,-0.496
-6.089,1.496,52.499
-----
10142
12.740,18.594,-19.670
0.077,0.045,1.193
-0.015,-0.034,-0.504
-3.669,2.149,75.184
-----
10262
-6.186,13.449,-13.860
-0.381,0.140,1.014
-0.011,-0.052,-0.501
20.434,7.871,86.232
-----
10382
-19.163,-40.311,15.864
0.272,-0.077,1.206
-0.002,-0.058,-0.503
-12.674,-3.634,96.777
-----
10504
-30.634,-33.513,7.131
-0.849,0.305,0.540
-0.064,-0.078,-0.465
53.869,29.475,59.179
-----
10622
-7.175,-37.056,-3.027
-0.490,-0.051,0.978
-0.075,-0.092,-0.452
26.567,-2.960,59.529
-----
10739
-24.701,22.960,-8.724
-0.520,0.100,0.712
-0.081,-0.111,-0.437
35.906,7.994,62.595
-----
10859
-19.119,-21.026,1.181
-0.631,0.050,0.949
-0.068,-0.138,-0.434
33.562,3.012,72.388
-----
10979
-6.160,19.661,-13.773
-0.582,0.065,0.708
-0.061,-0.159,-0.428
39.319,5.279,77.512
-----
11099
-4.051,45.806,-0.683
-0.561,0.062,1.066
-0.038,-0.169,-0.433
27.724,3.337,86.091
-----
11216
2.231,-22.899,19.827
-0.458,0.042,0.742
-0.016,-0.169,-0.449
31.667,3.228,93.321
-----
11336
4.979,43.234,1.750
-0.452,-0.017,0.927
-0.021,-0.157,-0.456
26.011,-1.056,90.945
-----
11453
9.056,-25.384,6.834
-0.397,0.044,1.137
-0.009,-0.151,-0.462
19.214,2.209,95.139
-----
11569
13.029,45.894,3.981
-0.121,-0.045,0.698
-0.013,-0.144,-0.461
9.811,-3.690,93.451
-----
11692
10.264,-5.119,4.279
-0.062,-0.197,1.167
0.016,-0.135,-0.472
3.016,-9.595,105.463
-----
11808
3.911,10.342,-0.954
-0.801,-0.035,0.672
-0.012,-0.127,-0.468
49.964,-3.010,93.169
-----
11928
4.454,12.696,9.774
-0.249,-0.170,1.238
0.004,-0.121,-0.470
11.263,-7.831,100.704
-----
12043
-1.374,-1.094,-3.929
-0.681,-0.076,0.744
-0.009,-0.120,-0.468
42.329,-5.861,94.125
-----
12162
2.870,17.071,6.370
-0.208,-0.144,1.281
0.005,-0.120,-0.478
9.159,-6.412,100.921
-----
12281
2.362,0.219,-1.540
-0.624,-0.026,1.001
-0.012,-0.113,-0.470
31.910,-1.476,92.652
-----
12403
-4.568,8.295,4.121
0.049,0.002,0.882
0.013,-0.121,-0.478
-3.202,0.151,104.547
-----
12522
10.334,-3.622,3.150
-0.126,-0.019,0.907
0.014,-0.122,-0.475
7.908,-1.206,105.079
-----
12639
2.957,3.281,9.835
-0.358,-0.126,0.952
0.009,-0.117,-0.479
20.459,-7.529,102.748
-----
12759
2.590,8.943,1.470
-0.066,-0.072,1.042
0.010,-0.116,-0.482
3.595,-3.965,103.487
-----
12877
2.888,2.030,0.289
-0.610,-0.006,0.719
0.011,-0.115,-0.482
40.297,-0.515,104.284
-----
13000
1.741,24.684,9.450
-0.470,-0.160,1.235
0.018,-0.111,-0.483
20.692,-7.390,107.667
-----
13119
-6.046,14.569,4.506
0.075,-0.079,1.253
0.030,-0.115,-0.489
-3.436,-3.584,113.107
-----
13236
0.656,25.200,-7.227
-0.035,-0.033,1.052
0.024,-0.118,-0.488
1.886,-1.821,110.216
-----
13356
11.778,-26.854,-2.275
0.107,-0.138,0.777
0.050,-0.120,-0.491
-7.688,-10.048,121.138
-----
13473
4.113,35.009,-2.109
-0.033,-0.068,0.935
0.038,-0.117,-0.489
2.011,-4.170,116.726
-----
13612
-2.957,-37.835,-0.192
-0.546,-0.067,0.898
0.045,-0.126,-0.493
31.210,-4.249,118.100
-----
13740
12.373,-14.114,0.779
-0.283,-0.160,0.984
0.062,-0.135,-0.493
15.858,-9.217,123.136
-----
13858
-2.966,2.074,6.510
-1.201,0.017,0.900
0.040,-0.137,-0.479
53.144,1.103,114.764
-----
13978
1.059,-32.252,12.066
-0.273,-0.149,1.066
0.056,-0.130,-0.482
14.258,-7.983,121.697
-----
14097
0.543,27.046,-3.168
-0.139,-0.046,0.840
0.048,-0.136,-0.486
9.367,-3.153,117.930
-----
14217
5.215,-17.850,6.204
-0.320,-0.029,1.033
0.048,-0.130,-0.479
17.187,-1.593,118.791
-----
14332
2.459,7.648,4.847
-0.358,-0.061,0.863
0.044,-0.129,-0.476
22.465,-4.023,117.388
-----
14452
2.966,-5.311,5.215
-0.187,-0.076,0.928
0.047,-0.126,-0.475
11.380,-4.696,118.878
-----
14572
0.350,8.575,8.374
-0.150,-0.065,1.058
0.046,-0.123,-0.472
8.044,-3.523,118.943
-----
14688
2.450,-20.825,1.846
-0.408,-0.033,0.925
0.047,-0.120,-0.468
23.796,-2.033,119.966
-----
14810
6.755,3.938,2.004
-0.212,-0.117,0.850
0.047,-0.118,-0.471
13.914,-7.829,120.358
-----
14929
-2.275,-16.327,6.860
-0.272,-0.042,0.941
0.042,-0.119,-0.469
16.103,-2.530,118.264
-----
15048
5.320,5.084,-4.384
-0.128,-0.071,1.022
0.053,-0.121,-0.468
7.125,-3.992,122.401
-----
15164
2.310,-13.983,0.516
-0.397,-0.034,0.965
0.049,-0.127,-0.461
22.358,-2.041,119.639
-----
15283
4.209,11.988,4.979
-0.125,-0.051,0.925
0.058,-0.123,-0.469
7.662,-3.133,123.743
-----
15406
1.995,-29.260,2.310
-0.553,-0.087,0.906
0.051,-0.129,-0.462
31.275,-5.481,120.242
-----
15524
3.351,19.915,1.330
-0.420,-0.124,0.959
0.043,-0.126,-0.459
23.476,-7.380,117.566
-----
15643
4.856,-4.865,-0.613
-0.237,-0.120,0.975
0.042,-0.130,-0.459
13.533,-7.030,116.459
-----
15760
2.747,7.989,3.491
-0.527,-0.075,0.895
0.038,-0.129,-0.455
30.407,-4.815,114.895
-----
15876
0.875,6.379,10.544
-0.405,-0.070,0.979
0.038,-0.127,-0.460
22.407,-4.093,115.331
-----
15994
-0.411,10.552,6.090
-0.477,-0.055,0.910
0.046,-0.126,-0.463
27.636,-3.481,118.431
-----
16114
4.515,6.326,0.709
-0.325,-0.062,0.990
0.054,-0.124,-0.472
18.172,-3.597,122.175
-----
16230
3.194,15.549,-0.674
-0.285,-0.100,0.945
0.060,-0.126,-0.471
16.709,-6.052,124.142
-----
16347
0.368,5.530,8.802
-0.165,-0.016,1.062
0.073,-0.121,-0.479
8.845,-0.866,129.554
-----
16465
-0.429,4.515,0.639
-0.480,-0.057,0.930
0.068,-0.123,-0.485
27.248,-3.537,127.363
-----
16584
1.750,3.316,2.774
-0.296,-0.061,0.948
0.076,-0.127,-0.479
17.297,-3.709,129.683
-----
16707
1.881,6.020,-0.630
-0.294,-0.099,0.974
0.079,-0.126,-0.481
16.694,-5.802,130.832
-----
16822
4.139,-15.216,0.411
-0.494,-0.014,0.907
0.073,-0.130,-0.481
28.558,-0.859,127.671
-----
16942
-0.569,18.865,-2.896
-0.446,-0.094,1.047
0.078,-0.128,-0.489
23.009,-5.108,129.764
-----
17060
5.898,-1.111,-0.385
-0.225,-0.149,1.019
0.086,-0.130,-0.483
12.340,-8.334,131.998
-----
17179
-3.579,3.999,-3.824
-0.268,-0.093,0.975
0.080,-0.131,-0.485
15.309,-5.448,129.957
-----
17299
-1.969,-0.157,-7.919
-0.396,-0.054,0.958
0.084,-0.149,-0.482
22.416,-3.232,127.853
-----
17415
4.366,7.026,-5.128
-0.184,-0.037,0.997
0.093,-0.152,-0.481
10.476,-2.141,130.090
-----
17531
-5.854,-3.334,6.738
-0.007,0.071,0.967
0.100,-0.148,-0.483
0.407,4.223,132.494
-----
17650
-0.613,-12.539,13.108
-0.257,-0.009,0.945
0.088,-0.147,-0.482
15.208,-0.529,129.375
-----
17765
0.429,-15.628,10.281
-0.244,0.030,0.989
0.072,-0.149,-0.468
13.849,1.753,124.450
-----
17885
12.320,-7.079,13.195
-0.067,-0.015,0.990
0.063,-0.146,-0.472
3.891,-0.868,121.978
-----
18004
10.771,-7.963,4.673
-0.154,-0.090,0.968
0.042,-0.140,-0.465
9.001,-5.311,115.127
-----
18122
-1.794,-11.882,-6.221
-0.191,-0.015,1.001
0.030,-0.126,-0.470
10.824,-0.863,111.852
-----
18242
-5.469,1.558,2.328
-0.230,0.023,0.969
0.030,-0.145,-0.468
13.371,1.389,110.124
-----
18359
5.311,-5.311,-5.294
-0.204,-0.110,0.973
0.030,-0.141,-0.464
11.755,-6.480,110.457
-----
18482
-1.356,-0.849,-2.914
-0.215,-0.062,0.961
0.025,-0.143,-0.462
12.565,-3.680,108.588
-----
18597
4.497,-1.479,2.888
-0.272,-0.079,0.984
0.032,-0.143,-0.457
15.425,-4.603,111.043
-----
18717
15.181,-0.744,30.712
-0.249,0.123,1.000
0.026,-0.139,-0.450
13.871,7.015,109.154
-----
18836
4.086,1.601,3.544
-0.242,-0.115,0.961
0.014,-0.124,-0.461
14.065,-6.805,104.828
-----
18951
-2.896,-3.115,-10.491
-0.296,-0.070,0.947
0.013,-0.124,-0.463
17.297,-4.212,104.572
-----
19070
1.409,3.045,-2.152
-0.283,-0.050,0.971
0.011,-0.135,-0.457
16.215,-2.974,103.388
-----
19190
1.391,4.428,-4.156
-0.324,-0.025,0.970
0.011,-0.137,-0.458
18.477,-1.481,103.256
-----
19310
4.576,4.690,7.341
-0.364,-0.094,0.966
0.012,-0.130,-0.462
20.568,-5.533,103.936
-----
19426
3.675,1.487,0.849
-0.249,-0.107,0.965
0.023,-0.133,-0.463
14.359,-6.335,108.169
-----
19546
2.354,2.144,-0.647
-0.258,-0.104,0.974
0.017,-0.124,-0.459
14.751,-6.085,106.475
-----
19668
4.148,-3.010,11.148
-0.274,-0.070,0.960
0.013,-0.131,-0.461
15.901,-4.165,104.115
-----
19784
5.180,-12.241,2.669
-0.395,-0.105,0.954
0.007,-0.124,-0.459
22.381,-6.309,101.692
-----
19900
6.589,2.301,0.341
-0.318,-0.061,0.959
0.003,-0.122,-0.457
18.317,-3.641,99.891
-----
20016
3.115,-6.160,1.304
-0.291,-0.143,0.968
-0.001,-0.125,-0.468
16.547,-8.393,98.002
-----
20134
3.964,-2.371,-2.678
-0.265,-0.055,0.944
-0.008,-0.122,-0.464
15.634,-3.333,94.889
-----
