584
-1.304,29.689,-2.642
0.440,0.093,0.886
0.000,0.000,0.000
-26.290,5.989,8.580
-----
726
3.132,0.683,3.369
0.435,0.095,0.838
0.215,0.181,-0.533
-27.266,6.492,228.736
-----
845
-1.540,2.713,2.572
0.429,0.095,0.843
0.214,0.179,-0.536
-26.838,6.451,228.500
-----
963
1.479,2.362,1.313
0.443,0.085,0.848
0.213,0.182,-0.541
-27.461,5.717,229.163
-----
1079
-29.487,-40.959,-12.521
0.660,-0.073,0.756
0.206,0.179,-0.535
-40.983,-5.544,229.611
-----
1199
-69.948,-129.229,-24.911
0.319,0.302,0.810
0.109,0.116,-0.545
-20.248,20.434,235.575
-----
1320
-35.831,-101.675,-23.625
-0.130,-0.113,1.277
0.002,0.078,-0.545
5.770,-5.052,277.447
-----
1440
-40.862,-39.568,-7.569
-0.141,0.706,0.815
-0.082,-0.005,-0.508
7.448,40.883,12.175
-----
1556
23.354,-26.994,11.795
-0.333,0.483,0.837
-0.116,0.001,-0.488
18.995,29.985,8.235
-----
1672
12.092,3.447,-9.852
-0.310,0.225,1.017
-0.123,0.027,-0.488
16.564,12.481,356.299
-----
1790
18.148,13.554,0.919
-0.138,0.341,0.851
-0.109,0.032,-0.492
8.550,21.825,352.190
-----
1913
11.471,-0.569,-10.124
-0.096,0.273,0.887
-0.104,0.037,-0.488
5.908,17.116,348.999
-----
2032
13.405,-6.396,-2.520
-0.095,0.417,0.837
-0.116,0.038,-0.485
5.818,26.453,350.477
-----
2151
27.466,-23.100,-16.975
-0.257,0.266,0.997
-0.139,0.055,-0.469
13.997,14.953,346.888
-----
2268
-2.783,-1.558,-32.165
-0.309,0.048,1.155
-0.154,0.049,-0.473
14.982,2.377,350.790
-----
2386
-6.930,12.005,-17.063
-0.104,0.329,0.873
-0.143,0.026,-0.486
6.370,20.657,358.393
-----
2506
-0.630,-5.233,-18.524
-0.174,0.300,0.984
-0.140,0.006,-0.474
9.602,16.934,6.175
-----
2626
10.815,-53.419,-6.921
-0.140,0.393,1.017
-0.163,0.013,-0.463
7.295,21.129,3.906
-----
2744
24.045,-51.494,2.888
-0.415,0.375,0.913
-0.205,0.026,-0.427
22.813,22.319,1.363
-----
2861
39.419,-30.188,-0.245
-0.620,0.196,0.865
-0.239,0.048,-0.404
34.933,12.764,357.270
-----
2980
15.829,28.718,9.301
-0.587,0.151,0.934
-0.246,0.051,-0.396
31.813,9.182,356.919
-----
3103
1.330,20.597,13.387
-0.356,0.134,0.800
-0.217,0.068,-0.418
23.673,9.501,351.270
-----
3223
0.866,9.695,10.649
-0.458,0.223,0.824
-0.220,0.073,-0.419
28.240,15.173,350.101
-----
3338
25.200,36.557,21.919
-0.404,0.175,0.682
-0.201,0.095,-0.433
29.838,14.360,343.273
-----
3457
11.349,30.747,33.757
-0.092,0.081,0.828
-0.173,0.119,-0.459
6.337,5.612,334.083
-----
3576
8.479,-10.561,24.614
-0.004,-0.016,0.885
-0.160,0.142,-0.462
0.272,-1.034,327.031
-----
3695
2.896,-22.986,-25.209
-0.074,-0.012,0.973
-0.173,0.139,-0.466
4.368,-0.682,329.819
-----
3819
11.113,-38.080,18.681
-0.494,0.122,0.999
-0.207,0.137,-0.430
26.151,6.947,335.034
-----
3937
0.464,-4.463,17.448
-0.205,-0.101,1.120
-0.212,0.148,-0.426
10.344,-5.174,333.771
-----
4057
-27.073,-73.710,-19.757
-0.363,0.337,0.762
-0.230,0.138,-0.413
23.533,23.888,337.667
-----
4176
7.455,12.434,-0.604
-0.793,0.164,0.876
-0.270,0.120,-0.374
41.647,10.622,344.651
-----
4294
19.407,21.612,13.002
-0.443,0.024,0.862
-0.252,0.142,-0.392
27.176,1.606,339.172
-----
4418
-4.944,36.855,9.818
-0.279,0.000,0.968
-0.230,0.155,-0.411
16.100,0.018,334.553
-----
4533
23.809,27.195,45.185
-0.394,0.047,0.900
-0.210,0.169,-0.432
23.610,2.959,329.785
-----
4653
-16.450,21.052,-0.009
-0.454,0.055,0.885
-0.190,0.187,-0.436
27.102,3.563,324.005
-----
4772
-1.837,29.173,23.240
-0.210,-0.028,0.928
-0.171,0.191,-0.456
12.748,-1.759,320.395
-----
4890
-11.874,16.476,10.220
-0.156,-0.023,0.944
-0.147,0.196,-0.466
9.373,-1.392,315.496
-----
5014
7.332,-2.450,-5.031
-0.201,0.066,0.978
-0.139,0.192,-0.466
11.619,3.862,314.578
-----
5129
3.876,-2.056,-14.613
-0.250,-0.060,0.999
-0.149,0.193,-0.466
14.008,-3.432,316.201
-----
5248
0.796,3.553,-12.565
-0.246,0.043,0.976
-0.147,0.182,-0.468
14.117,2.511,317.518
-----
5367
14.586,12.171,-9.205
-0.170,0.019,1.004
-0.142,0.180,-0.471
9.608,1.100,316.890
-----
5486
12.688,22.032,1.837
-0.088,-0.132,0.998
-0.134,0.188,-0.474
4.985,-7.504,314.008
-----
5606
6.204,26.189,-2.441
-0.121,-0.042,0.969
-0.118,0.188,-0.484
7.103,-2.462,310.731
-----
5723
1.741,21.630,15.435
0.067,-0.105,1.026
-0.100,0.201,-0.488
-3.732,-5.841,305.113
-----
5842
-0.096,11.856,20.519
0.032,-0.094,0.975
-0.087,0.210,-0.484
-1.848,-5.478,301.148
-----
5960
1.216,-0.849,31.955
-0.024,-0.118,1.000
-0.074,0.213,-0.485
1.382,-6.718,297.655
-----
6077
9.599,6.134,17.552
-0.033,0.014,0.982
-0.074,0.223,-0.496
1.900,0.819,296.950
-----
6197
2.870,8.129,10.334
-0.077,-0.092,0.975
-0.062,0.232,-0.499
4.479,-5.367,293.639
-----
6316
2.861,13.589,15.855
0.038,-0.120,1.009
-0.052,0.235,-0.495
-2.122,-6.802,291.105
-----
6434
-5.705,4.200,11.148
0.028,-0.094,0.971
-0.041,0.234,-0.504
-1.630,-5.528,288.520
-----
6551
4.637,4.165,14.455
-0.076,-0.179,1.011
-0.038,0.236,-0.500
4.222,-10.023,287.762
-----
6667
-2.581,2.459,2.450
0.126,-0.067,1.027
-0.029,0.235,-0.503
-6.977,-3.712,285.541
-----
6786
-3.395,9.581,1.173
0.041,-0.112,0.992
-0.027,0.225,-0.501
-2.372,-6.430,285.354
-----
6905
-5.635,20.939,-3.273
0.101,-0.071,0.984
-0.019,0.224,-0.507
-5.818,-4.152,283.519
-----
7025
-10.999,7.341,-6.633
0.152,-0.031,0.973
-0.007,0.208,-0.510
-8.897,-1.832,280.620
-----
7145
2.196,4.786,4.253
0.142,-0.028,0.985
-0.005,0.205,-0.521
-8.196,-1.614,279.872
-----
7261
7.814,4.384,-0.499
0.110,-0.027,0.986
-0.008,0.203,-0.513
-6.366,-1.595,280.949
-----
7380
10.981,-7.525,-0.324
0.018,-0.112,0.972
-0.014,0.214,-0.511
-1.050,-6.567,282.219
-----
7503
-0.752,-2.135,-1.479
0.133,-0.163,0.941
-0.016,0.214,-0.503
-7.920,-9.817,282.910
-----
7623
-3.535,-2.231,-7.849
0.076,0.040,0.998
-0.026,0.210,-0.509
-4.377,2.311,285.644
-----
7742
-5.924,-0.656,-14.551
-0.068,-0.034,0.970
-0.040,0.201,-0.507
4.019,-2.027,289.806
-----
7859
-0.901,-1.120,-9.118
0.010,-0.081,0.983
-0.047,0.188,-0.509
-0.591,-4.712,292.737
-----
7979
2.179,4.209,-33.373
0.098,0.081,1.009
-0.051,0.179,-0.513
-5.547,4.589,294.525
-----
8101
9.467,-9.441,-72.809
0.032,-0.047,0.973
-0.068,0.163,-0.511
-1.873,-2.747,301.235
-----
8220
-12.469,-26.460,-12.084
0.049,-0.098,0.993
-0.084,0.147,-0.507
-2.808,-5.654,308.337
-----
8336
-14.989,-22.549,2.957
-0.116,-0.015,0.926
-0.117,0.135,-0.491
7.165,-0.914,319.440
-----
8456
-18.664,-50.426,33.145
-0.166,-0.007,1.045
-0.145,0.125,-0.476
9.047,-0.361,327.779
-----
8574
-14.079,-50.522,43.514
-0.194,0.013,0.924
-0.183,0.135,-0.449
11.832,0.783,332.021
-----
8697
-14.726,-49.682,74.349
-0.367,0.087,0.930
-0.230,0.155,-0.419
21.454,5.319,334.577
-----
8814
-10.693,-33.897,30.791
-0.390,0.003,0.908
-0.244,0.193,-0.388
23.236,0.192,330.263
-----
8931
-4.270,-45.894,24.448
-0.553,-0.061,0.782
-0.267,0.192,-0.367
35.152,-4.440,332.784
-----
9049
-13.597,-7.499,24.675
-0.762,0.036,0.820
-0.281,0.211,-0.341
42.849,2.507,331.623
-----
9168
4.988,25.681,5.381
-0.613,0.041,0.823
-0.278,0.220,-0.356
36.652,2.842,330.302
-----
9290
3.990,38.124,-36.461
-0.597,0.029,0.824
-0.262,0.216,-0.367
35.874,2.021,329.074
-----
9410
7.709,33.110,-34.414
-0.402,0.043,0.869
-0.249,0.174,-0.398
24.793,2.845,333.620
-----
9527
9.021,26.337,-19.889
-0.341,0.064,0.944
-0.235,0.161,-0.412
19.802,3.894,334.257
-----
9645
13.081,24.605,-12.294
-0.255,0.102,0.921
-0.220,0.157,-0.420
15.363,6.339,333.004
-----
9764
13.239,21.228,-2.774
-0.101,0.138,0.920
-0.210,0.159,-0.436
6.172,8.519,331.436
-----
9884
19.714,-3.150,-0.420
-0.259,0.138,0.889
-0.201,0.167,-0.435
16.057,8.819,328.889
-----
10007
13.151,-6.379,0.910
-0.349,0.000,0.967
-0.207,0.180,-0.434
19.829,0.007,327.589
-----
10123
14.385,9.319,-12.381
-0.208,0.102,1.021
-0.202,0.183,-0.430
11.457,5.727,326.385
-----
10240
11.209,-1.908,-6.668
-0.244,0.116,1.078
-0.207,0.182,-0.429
12.665,6.154,327.205
-----
10358
5.364,-25.559,26.688
-0.377,-0.424,0.946
-0.212,0.188,-0.423
19.966,-24.142,326.928
-----
10477
-1.986,-8.846,30.660
-0.314,-0.364,0.890
-0.213,0.208,-0.410
18.062,-22.209,324.170
-----
10600
-1.811,-7.140,62.379
-0.305,-0.215,0.849
-0.212,0.236,-0.404
19.166,-14.225,320.498
-----
10719
6.571,-26.495,56.761
-0.372,-0.180,0.961
-0.203,0.275,-0.399
20.820,-10.626,315.004
-----
10835
-3.027,26.302,68.941
-0.191,-0.129,0.790
-0.183,0.307,-0.397
13.406,-9.276,309.359
-----
10955
16.625,-35.210,72.713
-0.394,-0.127,0.927
-0.149,0.347,-0.390
22.846,-7.794,301.815
-----
11074
1.592,-7.280,-18.235
-0.328,-0.362,0.955
-0.147,0.381,-0.373
17.818,-20.748,299.711
-----
11197
-11.979,26.530,-76.580
-0.267,-0.277,0.893
-0.181,0.347,-0.370
15.940,-17.247,306.109
-----
11312
-9.432,-24.596,-62.983
-0.338,-0.129,1.021
-0.210,0.298,-0.376
18.178,-7.209,313.754
-----
11431
-19.031,-10.964,-37.450
-0.574,-0.228,0.715
-0.250,0.251,-0.360
37.424,-17.659,323.404
-----
11551
-10.342,-6.668,-29.934
-0.290,-0.046,0.770
-0.260,0.212,-0.365
20.628,-3.450,329.341
-----
11671
-9.660,14.438,-14.910
-0.382,0.149,0.798
-0.265,0.183,-0.368
25.212,10.547,333.949
-----
11791
19.119,8.304,-22.916
-0.384,0.201,0.971
-0.262,0.160,-0.364
21.157,11.707,337.110
-----
11909
37.153,7.298,-17.833
-0.346,0.016,1.107
-0.260,0.165,-0.372
17.356,0.811,336.133
-----
12028
40.714,7.044,-18.270
-0.535,0.009,1.220
-0.261,0.173,-0.378
23.702,0.416,335.103
-----
12148
30.135,-8.934,-18.638
-0.330,-0.174,0.871
-0.259,0.178,-0.371
20.371,-11.269,334.132
-----
12267
6.352,1.269,-16.205
-0.159,-0.311,0.567
-0.263,0.173,-0.364
13.830,-28.704,335.243
-----
12387
-14.044,4.707,1.129
-0.368,-0.244,0.826
-0.270,0.156,-0.363
23.140,-16.477,338.644
-----
12506
-27.484,7.682,31.150
-0.444,-0.150,1.052
-0.263,0.157,-0.376
22.687,-8.112,337.801
-----
12625
-24.684,27.545,32.856
-0.356,-0.119,1.183
-0.249,0.164,-0.393
16.676,-5.746,335.278
-----
12745
-26.583,7.009,12.154
-0.175,0.023,1.091
-0.228,0.161,-0.412
9.131,1.221,333.397
-----
12860
4.935,13.948,17.579
-0.180,0.018,0.716
-0.218,0.152,-0.419
14.077,1.459,333.744
-----
12980
1.566,17.833,-3.509
-0.040,0.070,0.909
-0.206,0.159,-0.428
2.525,4.374,330.934
-----
13100
16.205,-6.650,-9.441
-0.047,-0.002,1.345
-0.200,0.155,-0.435
1.981,-0.088,330.722
-----
13217
13.212,6.641,-1.111
-0.191,-0.085,1.121
-0.209,0.163,-0.428
9.638,-4.312,330.559
-----
13337
6.790,7.035,-0.298
-0.184,-0.125,0.645
-0.207,0.168,-0.424
15.610,-10.951,329.549
-----
13454
-12.329,3.395,13.703
0.163,-0.140,0.922
-0.196,0.166,-0.435
-9.903,-8.638,328.331
-----
13576
-8.505,20.501,5.425
-0.097,-0.161,1.010
-0.197,0.167,-0.435
5.426,-9.060,328.316
-----
13708
-6.956,-12.346,13.869
-0.251,-0.032,1.183
-0.200,0.163,-0.438
11.996,-1.551,329.380
-----
13833
7.525,-4.646,-1.059
-0.304,0.037,0.890
-0.210,0.156,-0.427
18.865,2.363,332.109
-----
13953
-0.411,8.698,15.164
-0.271,-0.104,0.989
-0.218,0.174,-0.415
15.230,-5.998,330.100
-----
14070
-2.905,6.974,-6.729
-0.272,0.020,0.845
-0.220,0.172,-0.421
17.859,1.323,330.554
-----
14194
6.291,9.170,10.806
-0.641,-0.157,0.765
-0.229,0.172,-0.415
39.388,-11.587,331.676
-----
14309
-0.149,19.206,-4.314
-0.347,0.021,0.869
-0.216,0.164,-0.422
21.782,1.411,331.402
-----
14425
3.421,7.464,6.720
-0.304,-0.058,0.941
-0.201,0.170,-0.432
17.841,-3.553,328.381
-----
14544
7.175,15.190,7.858
-0.410,-0.082,0.905
-0.196,0.175,-0.428
24.290,-5.187,326.865
-----
14663
-0.779,16.581,13.116
-0.202,-0.100,1.001
-0.197,0.186,-0.420
11.373,-5.727,325.236
-----
14786
-2.616,19.521,-3.824
-0.588,-0.008,0.866
-0.204,0.178,-0.427
34.163,-0.557,327.494
-----
14903
7.158,-17.640,8.767
-0.435,0.003,0.890
-0.193,0.178,-0.428
26.039,0.224,325.936
-----
15022
5.031,-9.922,-2.511
-0.649,-0.054,0.960
-0.200,0.178,-0.425
34.006,-3.219,326.847
-----
15141
-1.269,25.821,-2.082
-0.489,-0.127,0.688
-0.197,0.186,-0.421
34.943,-10.503,325.191
-----
15261
0.884,-1.951,-10.334
-0.610,-0.014,0.906
-0.201,0.172,-0.430
33.946,-0.876,328.021
-----
15376
4.506,-11.340,2.590
-0.797,-0.061,0.897
-0.206,0.167,-0.422
41.548,-3.873,329.457
-----
15495
0.814,13.510,2.975
-0.448,-0.068,0.744
-0.209,0.167,-0.420
30.985,-5.250,329.906
-----
15614
2.564,-10.246,-0.254
-0.860,-0.054,0.810
-0.208,0.171,-0.412
46.647,-3.787,329.167
-----
15733
2.336,6.641,5.136
-0.874,-0.066,0.750
-0.227,0.165,-0.407
49.255,-5.012,332.517
-----
15852
2.529,-0.534,1.216
-0.661,-0.009,0.787
-0.229,0.171,-0.410
40.041,-0.689,331.789
-----
15969
1.977,4.174,-11.821
-0.709,-0.034,0.857
-0.233,0.158,-0.407
39.580,-2.270,334.526
-----
16092
6.860,-0.726,-0.752
-0.795,-0.075,0.818
-0.235,0.159,-0.408
44.061,-5.251,334.514
-----
16210
1.024,4.287,-8.557
-0.579,-0.001,0.779
-0.235,0.154,-0.407
36.649,-0.063,335.294
-----
16330
7.254,-6.423,3.684
-0.701,-0.083,0.819
-0.236,0.151,-0.399
40.396,-5.795,335.988
-----
16449
1.487,-2.459,-0.131
-0.659,-0.084,0.859
-0.239,0.150,-0.405
37.373,-5.601,336.412
-----
16568
4.506,1.391,-2.336
-0.615,-0.087,0.806
-0.244,0.154,-0.403
37.195,-6.154,336.307
-----
16690
-1.592,1.006,-4.156
-0.554,-0.075,0.786
-0.248,0.150,-0.394
35.084,-5.423,337.417
-----
16809
-0.998,-6.939,-1.251
-0.553,-0.080,0.803
-0.252,0.141,-0.396
34.426,-5.658,339.323
-----
16929
-5.968,4.428,8.916
-0.364,-0.054,0.916
-0.252,0.137,-0.387
21.627,-3.349,340.152
-----
17047
-14.682,-5.976,0.236
-0.366,-0.011,0.901
-0.252,0.131,-0.391
22.130,-0.718,341.145
-----
17164
-7.945,15.321,-17.089
-0.043,0.148,0.994
-0.249,0.117,-0.401
2.478,8.463,343.475
-----
17284
-6.816,18.699,15.461
-0.039,-0.089,1.028
-0.240,0.108,-0.403
2.159,-4.933,344.426
-----
17401
-2.240,6.939,16.774
-0.211,0.078,1.045
-0.240,0.118,-0.409
11.396,4.278,342.417
-----
17521
8.313,10.421,22.260
-0.005,0.039,0.970
-0.233,0.135,-0.409
0.306,2.312,338.617
-----
17638
3.710,11.454,2.214
-0.221,-0.084,0.956
-0.224,0.147,-0.407
12.982,-5.041,335.372
-----
17754
-2.476,-4.051,12.040
-0.177,-0.095,1.063
-0.210,0.150,-0.432
9.432,-5.123,333.021
-----
17876
2.398,-3.098,9.494
-0.422,-0.144,1.082
-0.214,0.157,-0.425
21.139,-7.595,332.248
-----
17996
-1.216,-8.689,14.779
-0.448,0.082,1.051
-0.217,0.149,-0.431
23.016,4.442,334.114
-----
18114
7.997,8.129,11.043
-0.122,0.011,0.745
-0.205,0.160,-0.434
9.316,0.863,330.672
-----
18230
10.526,8.190,0.962
-0.076,-0.126,0.783
-0.196,0.166,-0.440
5.478,-9.115,328.375
-----
18350
-6.948,18.480,4.261
-0.127,0.087,0.866
-0.199,0.169,-0.436
8.292,5.713,328.306
-----
18471
7.245,2.993,4.681
-0.089,-0.045,1.192
-0.187,0.169,-0.442
4.260,-2.157,326.503
-----
18590
12.854,13.414,0.630
-0.339,-0.058,1.102
-0.189,0.176,-0.444
17.084,-3.007,325.555
-----
18707
8.575,1.173,-1.356
-0.049,-0.093,0.932
-0.185,0.178,-0.447
2.997,-5.669,324.662
-----
18824
5.626,0.280,0.560
-0.035,-0.026,0.900
-0.181,0.179,-0.449
2.224,-1.670,323.892
-----
18941
3.150,12.661,1.942
-0.072,-0.044,0.954
-0.174,0.180,-0.455
4.290,-2.631,322.629
-----
19061
4.655,-7.350,9.712
-0.104,-0.167,1.035
-0.172,0.184,-0.454
5.675,-9.164,321.664
-----
19183
-16.529,23.730,15.155
-0.253,-0.051,0.862
-0.170,0.181,-0.457
16.322,-3.382,321.821
-----
19303
11.323,-9.012,18.183
-0.132,-0.083,0.966
-0.158,0.182,-0.451
7.732,-4.888,319.503
-----
19419
-2.608,0.718,8.741
-0.064,0.125,1.021
-0.153,0.193,-0.453
3.556,6.961,317.031
-----
19538
2.581,7.604,2.590
-0.240,-0.012,0.822
-0.149,0.189,-0.456
16.258,-0.841,316.823
-----
19658
1.759,2.747,-4.375
-0.020,0.062,1.160
-0.146,0.189,-0.462
0.972,3.038,316.155
-----
19780
2.161,1.619,-20.869
-0.160,-0.180,0.680
-0.152,0.187,-0.461
12.804,-14.811,317.827
-----
19895
-6.641,-0.788,-0.420
-0.152,-0.143,1.032
-0.155,0.184,-0.461
8.314,-7.875,318.812
-----
20015
3.211,-18.620,-4.445
-0.412,-0.215,1.068
-0.163,0.175,-0.456
20.711,-11.386,321.561
-----
20130
-16.004,23.573,-12.696
-0.129,0.032,0.840
-0.170,0.163,-0.460
8.700,2.191,324.687
-----
20249
0.236,-0.814,9.231
-0.035,0.056,0.923
-0.156,0.153,-0.468
2.158,3.481,324.204
-----
20369
6.606,14.919,-6.825
-0.179,0.076,1.026
-0.160,0.153,-0.474
9.893,4.212,324.887
-----
20486
-2.739,12.373,4.988
-0.439,0.162,0.821
-0.155,0.159,-0.470
27.672,11.189,322.890
-----
20604
8.304,-5.416,-5.276
0.243,-0.102,0.945
-0.138,0.157,-0.481
-14.351,-6.133,319.878
-----
20724
-0.403,30.546,-3.868
-0.138,-0.175,0.818
-0.148,0.148,-0.470
9.365,-12.109,323.688
-----
20844
1.628,-25.042,2.371
-0.198,-0.108,1.021
-0.138,0.155,-0.483
10.912,-6.045,320.185
-----
20967
-1.470,-16.984,18.200
-0.393,-0.012,0.849
-0.148,0.163,-0.466
24.807,-0.806,320.719
-----
21083
5.889,2.572,6.554
-0.307,0.014,0.887
-0.161,0.165,-0.457
19.093,0.926,322.743
-----
21199
-4.883,-8.470,-9.852
-0.153,-0.065,1.018
-0.152,0.160,-0.460
8.551,-3.680,322.168
-----
21319
8.706,10.561,-5.180
-0.287,0.040,0.944
-0.159,0.146,-0.458
16.874,2.449,326.047
-----
21438
8.523,-0.919,-2.293
-0.158,-0.096,1.083
-0.159,0.149,-0.458
8.281,-5.039,325.352
-----
21561
7.700,24.526,4.410
-0.173,0.002,0.897
-0.150,0.160,-0.470
10.904,0.136,321.717
-----
21680
3.019,-2.467,8.514
-0.807,0.032,0.845
-0.150,0.166,-0.465
43.685,2.151,320.695
-----
21796
2.170,19.224,0.438
-0.235,-0.045,0.966
-0.136,0.168,-0.479
13.657,-2.640,317.541
-----
21916
6.519,10.001,-4.043
-0.809,-0.084,0.714
-0.145,0.166,-0.470
48.366,-6.690,319.674
-----
22035
-5.154,-13.790,3.220
-0.519,-0.013,0.904
-0.141,0.167,-0.475
29.849,-0.816,318.760
-----
22155
4.699,-7.035,13.081
-0.837,-0.019,0.889
-0.164,0.167,-0.461
43.263,-1.226,323.071
-----
22274
2.642,7.910,2.328
-0.219,-0.000,1.031
-0.152,0.171,-0.464
11.980,-0.020,320.202
-----
22393
4.506,-17.036,3.666
-0.751,-0.035,0.867
-0.172,0.179,-0.456
40.877,-2.324,322.370
-----
22513
9.222,8.802,-9.739
-0.352,-0.097,0.811
-0.165,0.173,-0.452
23.310,-6.813,322.204
-----
22632
2.100,-16.949,-1.120
-0.442,-0.059,0.860
-0.173,0.168,-0.450
27.137,-3.954,324.378
-----
22749
2.284,-0.192,4.830
-0.582,-0.081,0.892
-0.181,0.166,-0.447
32.991,-5.161,326.053
-----
22871
-7.088,-35.639,6.676
-0.702,-0.023,0.864
-0.179,0.168,-0.445
39.084,-1.552,325.268
-----
22990
-1.505,17.657,0.472
-0.695,-0.026,0.877
-0.189,0.161,-0.435
38.413,-1.714,328.270
-----
23109
1.418,0.184,1.759
-0.497,-0.132,0.881
-0.181,0.157,-0.445
29.175,-8.517,327.602
-----
23225
-2.161,26.626,8.601
-0.337,-0.047,0.901
-0.174,0.165,-0.454
20.479,-3.006,325.021
-----
23345
-2.835,0.376,5.066
-0.443,0.043,0.950
-0.162,0.158,-0.462
24.964,2.578,324.281
-----
23468
3.771,7.455,12.793
-0.195,-0.033,0.995
-0.164,0.160,-0.463
11.102,-1.879,324.225
-----
23587
2.021,8.890,12.346
-0.481,-0.012,0.833
-0.168,0.169,-0.460
29.997,-0.835,323.366
-----
23706
3.456,8.181,3.509
-0.187,0.035,1.022
-0.156,0.167,-0.461
10.349,1.976,321.595
-----
23822
7.551,4.235,-1.374
-0.156,-0.020,0.986
-0.153,0.176,-0.460
8.961,-1.183,319.510
-----
23941
-1.540,6.405,-6.834
-0.068,-0.016,0.949
-0.149,0.171,-0.472
4.111,-0.987,319.576
-----
24060
4.323,-10.360,-0.621
-0.257,-0.049,0.964
-0.155,0.172,-0.470
14.883,-2.901,320.559
-----
24179
0.761,10.273,-7.814
-0.137,-0.011,0.983
-0.154,0.164,-0.463
7.924,-0.640,321.866
-----
24299
5.110,3.071,-1.811
-0.229,-0.071,0.922
-0.158,0.161,-0.461
13.899,-4.406,323.028
-----
24416
2.572,4.646,-2.984
-0.102,-0.062,1.011
-0.151,0.167,-0.469
5.780,-3.520,320.832
-----
24536
0.096,-1.418,4.970
-0.180,-0.049,0.925
-0.159,0.159,-0.466
10.985,-3.011,323.580
-----
24658
7.070,-6.851,4.856
-0.125,-0.124,0.983
-0.162,0.164,-0.453
7.204,-7.180,323.162
-----
24777
7.359,-7.280,-0.123
-0.124,-0.169,1.060
-0.167,0.165,-0.454
6.595,-9.074,324.063
-----
24897
8.418,-21.009,13.458
-0.182,0.026,1.066
-0.170,0.164,-0.449
9.681,1.396,324.518
-----
25014
4.839,-17.596,4.287
-0.042,-0.081,1.074
-0.186,0.173,-0.444
2.225,-4.314,325.570
-----
25134
0.438,-2.511,6.239
-0.156,-0.180,0.811
-0.196,0.174,-0.438
10.653,-12.505,326.964
-----
25256
-8.767,-15.916,-0.018
-0.074,-0.147,0.951
-0.198,0.170,-0.431
4.424,-8.820,327.919
-----
25375
-15.820,-12.163,-0.560
-0.266,-0.143,1.170
-0.212,0.156,-0.414
12.709,-6.949,332.254
-----
25495
-9.424,-24.719,6.396
-0.618,-0.012,0.891
-0.233,0.146,-0.400
34.749,-0.745,336.525
-----
25612
-14.140,8.566,13.256
-0.381,-0.037,0.590
-0.245,0.146,-0.392
32.826,-3.608,337.766
-----
25731
-4.025,1.671,23.520
-0.257,0.084,0.910
-0.237,0.146,-0.395
15.715,5.243,336.880
-----
25853
5.705,14.910,17.273
-0.136,-0.099,0.924
-0.227,0.162,-0.408
8.339,-6.104,333.062
-----
25970
14.289,10.693,-0.262
-0.280,0.038,1.225
-0.207,0.168,-0.416
12.858,1.779,329.437
-----
26086
7.420,18.847,-25.069
-0.242,0.013,1.177
-0.200,0.165,-0.423
11.601,0.650,329.071
-----
26205
14.472,-2.109,-5.688
-0.366,-0.044,0.610
-0.204,0.160,-0.413
30.901,-4.162,330.393
-----
26323
14.403,14.954,4.235
-0.010,-0.199,0.751
-0.209,0.168,-0.413
0.756,-14.815,329.757
-----
26440
-7.875,19.294,16.616
0.177,-0.132,1.091
-0.192,0.177,-0.428
-9.138,-6.908,325.819
-----
26563
10.824,-31.745,17.448
-0.592,-0.466,1.409
-0.181,0.188,-0.429
21.741,-18.311,322.472
-----
26680
-3.666,-13.501,40.932
-0.270,-0.010,0.698
-0.180,0.201,-0.425
21.159,-0.786,320.490
-----
26811
6.081,-20.536,7.560
-0.488,0.001,0.672
-0.184,0.208,-0.420
35.984,0.120,320.187
-----
26930
8.418,12.985,-21.674
-0.191,0.164,1.159
-0.183,0.215,-0.422
9.292,8.057,318.876
-----
27049
19.119,-1.636,-23.581
-0.543,-0.096,1.019
-0.196,0.201,-0.412
27.939,-5.368,322.791
-----
27171
3.911,8.881,-15.146
-0.139,-0.129,0.576
-0.202,0.190,-0.414
13.219,-12.625,325.322
-----
27299
-8.418,-15.321,-2.503
-0.251,-0.114,0.941
-0.201,0.179,-0.415
14.851,-6.907,326.937
-----
27416
-8.698,-6.825,23.494
-0.391,-0.399,1.186
-0.188,0.178,-0.424
17.341,-18.581,325.158
-----
27533
-15.645,-14.525,20.729
-0.092,0.173,0.895
-0.186,0.180,-0.423
5.774,10.916,324.654
-----
27653
-6.545,16.354,-10.614
-0.425,0.206,0.687
-0.197,0.174,-0.428
30.671,16.730,327.033
-----
27776
10.701,-23.231,1.295
-0.607,0.037,1.153
-0.185,0.170,-0.428
27.764,1.848,325.952
-----
27894
22.479,5.338,-2.231
0.163,-0.159,1.140
-0.161,0.169,-0.448
-8.037,-7.918,322.269
-----
28013
-4.725,27.983,-6.869
-0.337,-0.033,0.718
-0.164,0.164,-0.448
25.134,-2.648,323.507
-----
28130
-0.228,6.720,-7.630
-0.453,-0.013,0.805
-0.157,0.167,-0.448
29.393,-0.925,321.723
-----
28249
5.924,-8.671,13.283
-0.242,-0.098,1.092
-0.146,0.166,-0.456
12.441,-5.151,319.927
-----
28371
-4.060,-10.754,-0.595
-0.625,0.017,0.969
-0.154,0.162,-0.456
32.791,1.002,322.105
-----
28488
-1.015,7.866,1.426
-0.588,-0.020,0.772
-0.159,0.156,-0.443
37.305,-1.449,324.139
-----
28604
2.301,-5.582,-4.366
-0.551,-0.028,0.896
-0.165,0.155,-0.451
31.554,-1.781,325.407
-----
28723
6.729,1.295,12.539
-0.709,-0.121,0.848
-0.172,0.151,-0.438
39.629,-8.117,327.282
-----
28841
1.759,9.538,18.358
-0.660,-0.036,0.846
-0.171,0.160,-0.440
37.917,-2.406,325.420
-----
28964
5.968,10.491,2.957
-0.750,0.016,0.786
-0.168,0.170,-0.435
43.679,1.165,323.153
-----
29080
-3.876,5.338,-12.049
-0.313,-0.015,0.908
-0.155,0.158,-0.443
19.005,-0.954,323.042
-----
29197
6.956,-7.490,6.641
-0.600,-0.111,0.896
-0.164,0.157,-0.443
33.610,-7.042,324.904
-----
29316
3.491,-4.664,9.459
-0.698,-0.109,0.842
-0.165,0.165,-0.442
39.413,-7.349,323.701
-----
29434
1.942,15.908,0.245
-0.336,-0.057,0.860
-0.170,0.162,-0.445
21.279,-3.805,324.884
-----
29557
2.713,-16.091,-5.390
-0.642,-0.074,0.906
-0.164,0.156,-0.453
35.252,-4.655,325.008
-----
29676
12.477,18.559,-0.831
-0.361,-0.040,0.883
-0.167,0.157,-0.454
22.204,-2.586,325.188
-----
29793
1.575,-0.691,0.306
-0.467,-0.155,0.933
-0.165,0.169,-0.452
26.281,-9.438,322.883
-----
29912
-3.780,10.596,4.471
-0.592,-0.004,0.850
-0.171,0.163,-0.445
34.888,-0.243,324.949
-----
30030
1.435,-2.826,1.663
-0.567,-0.036,0.898
-0.165,0.167,-0.446
32.253,-2.315,323.241
-----
30150
-1.951,9.441,0.201
-0.419,-0.052,0.956
-0.167,0.157,-0.451
23.660,-3.109,325.437
-----
30267
2.091,7.061,-2.266
-0.440,-0.067,0.840
-0.163,0.155,-0.457
27.599,-4.572,325.020
-----
30383
1.514,5.338,2.818
-0.264,-0.036,1.022
-0.155,0.156,-0.461
14.477,-2.013,323.400
-----
30501
-2.747,2.467,6.239
-0.317,-0.058,0.934
-0.162,0.155,-0.460
18.714,-3.526,324.792
-----
30621
0.429,4.043,6.055
-0.223,-0.052,0.941
-0.151,0.152,-0.466
13.325,-3.179,323.421
-----
30743
4.690,8.908,2.301
-0.213,-0.081,0.961
-0.151,0.157,-0.457
12.456,-4.802,322.616
-----
30863
0.053,4.253,8.041
-0.106,-0.126,0.997
-0.145,0.164,-0.467
6.037,-7.223,320.055
-----
30979
-4.375,-0.192,11.629
-0.140,-0.037,0.962
-0.145,0.164,-0.464
8.283,-2.189,319.924
-----
31098
0.490,3.141,10.544
-0.161,0.005,0.997
-0.146,0.163,-0.461
9.153,0.259,320.369
-----
31217
3.316,2.284,6.178
-0.264,-0.084,0.924
-0.148,0.165,-0.463
15.890,-5.208,320.462
-----
31334
-4.340,-3.141,3.763
-0.099,0.026,1.073
-0.144,0.167,-0.464
5.256,1.368,319.324
-----
31453
-0.849,3.001,-1.636
-0.260,-0.015,0.900
-0.152,0.168,-0.462
16.112,-0.982,320.746
-----
31571
4.218,4.716,-2.642
-0.105,-0.062,0.977
-0.150,0.163,-0.470
6.119,-3.624,321.193
-----
31691
2.520,-6.886,-18.410
-0.231,0.002,0.996
-0.154,0.154,-0.463
13.064,0.088,323.554
-----
31807
6.641,-5.810,-11.331
-0.131,-0.046,0.887
-0.168,0.145,-0.453
8.408,-2.983,327.649
-----
31926
5.346,-5.836,-2.441
-0.066,-0.146,0.988
-0.180,0.139,-0.450
3.774,-8.423,330.897
-----
32049
1.558,-17.754,-7.665
0.051,-0.110,1.079
-0.181,0.142,-0.442
-2.686,-5.799,330.415
-----
32167
-2.835,-19.862,0.096
-0.185,0.134,1.012
-0.201,0.129,-0.438
10.289,7.519,335.821
-----
32286
6.282,-6.912,-2.949
-0.270,-0.198,0.944
-0.209,0.133,-0.424
15.661,-11.827,336.032
-----
32403
-5.128,17.885,7.000
-0.198,-0.146,0.926
-0.203,0.129,-0.440
11.912,-8.946,336.109
-----
32519
-4.261,14.324,13.991
-0.312,-0.208,0.957
-0.191,0.132,-0.433
17.659,-12.235,333.902
-----
32642
-2.398,10.413,26.854
-0.107,-0.013,1.108
-0.186,0.139,-0.448
5.525,-0.685,331.779
-----
32758
2.319,0.604,18.121
-0.156,-0.043,1.142
-0.185,0.145,-0.444
7.795,-2.172,330.421
-----
32878
-7.376,-4.253,13.169
-0.221,-0.048,0.809
-0.191,0.161,-0.440
15.244,-3.389,328.379
-----
32997
-3.859,-7.508,37.056
-0.257,-0.040,0.834
-0.196,0.169,-0.436
17.148,-2.774,327.773
-----
33114
2.879,7.035,12.381
-0.034,-0.038,0.822
-0.181,0.177,-0.439
2.372,-2.663,324.118
-----
33235
14.840,-2.135,-0.438
-0.007,0.062,1.093
-0.177,0.181,-0.444
0.354,3.236,322.885
-----
33355
2.783,8.960,-22.120
-0.563,0.030,1.240
-0.184,0.184,-0.435
24.406,1.369,323.515
-----
33474
2.791,-28.017,-13.773
-0.340,-0.141,1.083
-0.192,0.165,-0.432
17.291,-7.416,327.817
-----
33590
18.086,19.714,-11.410
-0.093,-0.031,0.483
-0.201,0.147,-0.420
10.845,-3.673,332.451
-----
33710
15.172,3.369,-12.092
-0.139,-0.225,0.899
-0.187,0.155,-0.427
8.553,-14.070,328.926
-----
33832
1.899,3.027,14.744
-0.334,-0.250,1.205
-0.186,0.152,-0.426
15.176,-11.744,329.373
-----
33951
-16.275,-3.561,6.711
-0.172,-0.160,1.222
-0.185,0.152,-0.432
7.949,-7.458,329.220
-----
34068
-8.916,-9.012,29.899
-0.229,0.041,0.722
-0.192,0.159,-0.431
17.592,3.261,328.799
-----
34185
-2.713,4.008,10.246
-0.112,0.140,0.693
-0.184,0.171,-0.431
9.025,11.445,325.704
-----
34300
1.969,6.685,-16.415
-0.226,0.126,1.071
-0.185,0.167,-0.433
11.854,6.711,326.492
-----
34423
14.158,8.934,-17.561
-0.158,-0.020,1.308
-0.181,0.157,-0.435
6.902,-0.895,327.630
-----
34543
1.461,-20.825,-6.178
-0.292,-0.131,0.677
-0.191,0.158,-0.438
22.926,-10.969,328.932
-----
34661
9.704,33.871,2.879
-0.280,-0.178,0.773
-0.193,0.148,-0.433
19.469,-13.001,330.951
-----
34778
-13.291,-1.741,25.007
-0.085,-0.332,1.337
-0.167,0.150,-0.451
3.539,-13.948,326.630
-----
34897
-17.946,-9.625,3.203
-0.029,0.194,1.017
-0.172,0.137,-0.450
1.631,10.781,330.040
-----
35020
8.164,-21.455,18.716
-0.394,0.099,0.661
-0.184,0.148,-0.442
30.526,8.522,329.777
-----
35139
10.036,13.291,-3.990
-0.107,-0.076,1.234
-0.170,0.150,-0.446
4.970,-3.523,327.128
-----
35255
6.230,-2.616,4.497
-0.099,-0.095,1.027
-0.169,0.159,-0.450
5.477,-5.295,325.313
-----
35374
-2.467,0.429,8.321
-0.167,0.051,0.698
-0.179,0.160,-0.442
13.425,4.191,326.802
-----
35493
-2.529,-3.570,34.248
-0.322,-0.083,0.899
-0.167,0.169,-0.449
19.629,-5.246,323.294
-----
35609
-11.217,19.241,20.808
-0.372,0.005,1.133
-0.151,0.173,-0.457
18.171,0.272,319.730
-----
35728
17.185,-8.146,4.576
-0.324,-0.156,0.935
-0.138,0.176,-0.465
18.864,-9.450,316.653
-----
35848
-1.619,50.068,-8.540
0.344,-0.059,1.089
-0.113,0.174,-0.477
-17.507,-3.121,311.476
-----
35966
-19.486,5.276,-15.557
-0.275,-0.093,0.831
-0.126,0.173,-0.478
18.212,-6.364,314.594
-----
36085
11.419,-23.511,17.404
0.012,-0.042,1.331
-0.122,0.156,-0.479
-0.527,-1.792,316.708
-----
36205
-3.815,3.588,-0.709
-0.051,0.053,0.897
-0.132,0.167,-0.478
3.256,3.374,316.887
-----
36324
2.826,4.156,-9.520
0.071,-0.035,1.129
-0.129,0.164,-0.478
-3.611,-1.785,316.867
-----
36443
12.801,-17.990,-1.321
-0.095,-0.136,1.145
-0.126,0.161,-0.474
4.733,-6.784,316.558
-----
36561
-1.383,17.413,11.462
-0.205,-0.044,0.902
-0.136,0.177,-0.465
12.800,-2.799,316.046
-----
36681
2.879,-1.234,8.304
-0.179,-0.059,1.056
-0.129,0.182,-0.470
9.633,-3.191,313.879
-----
36801
10.238,2.783,9.126
-0.128,-0.013,1.018
-0.125,0.192,-0.472
7.162,-0.738,311.774
-----
36921
5.136,17.763,8.278
-0.808,-0.016,0.769
-0.143,0.201,-0.455
46.419,-1.177,313.910
-----
37039
1.706,40.950,-7.472
-0.155,-0.169,1.145
-0.133,0.211,-0.451
7.654,-8.412,310.923
-----
37158
6.379,21.919,7.691
-0.412,-0.077,1.006
-0.143,0.206,-0.454
22.230,-4.400,313.291
-----
37278
2.170,-12.530,5.950
-0.054,-0.137,1.064
-0.135,0.207,-0.459
2.858,-7.323,311.747
-----
37393
-1.146,-6.160,2.223
-0.716,-0.282,0.790
-0.152,0.207,-0.448
40.507,-19.619,314.963
-----
37513
-8.943,-15.794,10.701
-0.670,0.002,0.957
-0.156,0.191,-0.439
34.991,0.132,317.753
-----
37633
5.303,12.609,2.004
-0.793,-0.191,0.750
-0.166,0.195,-0.437
45.697,-14.286,318.995
-----
37750
0.569,-6.151,5.267
-0.669,0.045,0.821
-0.165,0.193,-0.437
39.156,3.105,318.976
-----
37870
-0.656,-10.395,-2.188
-0.667,-0.112,0.804
-0.172,0.187,-0.423
39.428,-7.916,321.170
-----
37987
0.175,-20.458,10.176
-0.624,-0.155,0.836
-0.184,0.190,-0.423
36.245,-10.521,322.765
-----
38109
-7.656,-31.964,18.550
-0.717,-0.051,0.750
-0.201,0.199,-0.406
43.650,-3.873,323.821
-----
38227
6.256,-8.925,12.408
-0.619,-0.040,0.731
-0.211,0.206,-0.385
40.196,-3.119,324.274
-----
38344
-0.866,-16.284,8.846
-0.547,-0.106,0.748
-0.224,0.207,-0.375
35.908,-8.059,325.719
-----
38463
10.307,-18.926,10.071
-0.789,-0.099,0.835
-0.240,0.217,-0.359
43.181,-6.757,326.495
-----
38578
8.033,2.398,-6.361
-0.833,-0.056,0.767
-0.240,0.215,-0.358
47.286,-4.199,326.748
-----
38697
6.431,19.355,-12.023
-0.571,-0.153,0.775
-0.241,0.212,-0.359
35.869,-11.162,327.192
-----
38817
0.962,28.612,-10.544
-0.307,-0.090,0.819
-0.229,0.209,-0.373
20.459,-6.272,326.141
-----
38935
6.991,18.427,-9.730
-0.384,-0.049,0.952
-0.222,0.194,-0.389
21.937,-2.971,327.391
-----
39052
6.169,14.788,-0.105
-0.353,-0.174,1.009
-0.212,0.200,-0.391
19.002,-9.760,325.218
-----
39171
-5.355,17.719,6.247
-0.230,-0.145,0.989
-0.199,0.194,-0.399
12.965,-8.354,324.396
-----
39293
4.358,11.462,-2.179
-0.221,-0.120,0.990
-0.194,0.191,-0.408
12.524,-6.917,323.975
-----
39410
-10.299,-3.841,1.050
-0.275,-0.077,0.774
-0.194,0.189,-0.411
19.464,-5.679,324.229
-----
39526
-1.409,2.450,9.301
-0.361,-0.049,0.893
-0.194,0.187,-0.404
21.977,-3.115,324.570
-----
39643
0.385,19.031,3.771
-0.117,0.064,0.951
-0.184,0.182,-0.416
7.016,3.879,323.865
-----
39761
8.890,5.057,-14.105
0.005,0.004,1.016
-0.179,0.183,-0.424
-0.310,0.203,323.005
-----
39894
4.480,8.155,-4.314
-0.130,-0.200,0.904
-0.179,0.186,-0.421
8.002,-12.494,322.437
-----
40026
-7.910,-2.371,16.345
0.025,-0.225,0.998
-0.173,0.187,-0.430
-1.418,-12.693,321.266
-----
40146
-17.316,-7.892,33.679
-0.210,-0.318,1.098
-0.174,0.184,-0.427
10.419,-16.175,322.014
-----
40268
12.241,-12.644,107.074
-0.161,-0.013,1.147
-0.171,0.218,-0.423
8.008,-0.625,316.633
-----
40390
9.993,-19.574,53.191
-0.615,-0.059,0.686
-0.161,0.282,-0.405
41.747,-4.904,308.310
-----
40509
-11.874,-32.734,-11.480
-0.159,-0.078,0.791
-0.168,0.289,-0.398
11.340,-5.618,308.745
-----
40657
0.735,-17.264,-17.894
-0.144,0.034,0.874
-0.199,0.252,-0.386
9.333,2.207,316.900
-----
40779
23.389,-22.514,-34.081
-0.181,-0.023,0.984
-0.215,0.251,-0.379
10.430,-1.338,319.221
-----
40901
19.101,-47.162,-24.378
-0.683,0.044,1.145
-0.250,0.237,-0.337
30.794,2.209,325.094
-----
41022
10.631,-52.526,-11.847
-0.753,-0.187,0.746
-0.288,0.223,-0.299
44.390,-14.036,330.837
-----
41141
5.653,15.041,-5.206
-0.428,-0.211,0.449
-0.305,0.212,-0.286
40.747,-25.155,333.836
-----
41266
-19.766,23.179,-0.752
-0.680,-0.208,0.665
-0.302,0.199,-0.290
44.307,-17.357,335.210
-----
41388
-28.193,54.819,11.847
-0.713,-0.343,1.107
-0.286,0.185,-0.329
31.594,-17.233,335.667
-----
41509
-32.979,42.464,22.593
-0.341,0.114,1.051
-0.257,0.173,-0.363
17.884,6.165,334.639
-----
41631
3.745,0.980,13.913
-0.499,0.157,0.581
-0.243,0.173,-0.382
39.650,15.068,333.198
-----
41753
23.634,4.077,3.754
-0.473,0.154,0.899
-0.222,0.192,-0.393
27.378,9.688,327.721
-----
41874
36.444,40.766,-8.286
-0.265,-0.076,1.268
-0.205,0.208,-0.411
11.779,-3.419,323.192
-----
41993
19.591,11.944,-21.105
-0.260,-0.329,1.039
-0.195,0.220,-0.422
13.426,-17.541,320.143
-----
42112
-0.438,28.796,-16.205
-0.139,-0.170,0.491
-0.197,0.210,-0.406
14.994,-19.037,321.770
-----
42233
-12.206,9.231,6.265
0.003,-0.326,1.048
-0.185,0.194,-0.430
-0.172,-17.287,322.245
-----
42352
-31.981,8.724,15.934
-0.091,-0.243,1.311
-0.168,0.185,-0.445
3.902,-10.493,320.854
-----
42478
-17.990,-12.836,32.541
-0.111,0.037,0.815
-0.175,0.177,-0.433
7.770,2.601,323.375
-----
42599
3.106,-4.392,11.559
-0.184,0.176,0.839
-0.181,0.182,-0.436
12.103,11.836,323.425
-----
42718
25.174,16.555,-11.191
-0.217,0.201,1.525
-0.177,0.187,-0.437
8.047,7.517,321.927
-----
42840
7.892,-19.810,-9.511
-0.181,0.096,0.631
-0.180,0.194,-0.428
15.826,8.615,321.522
-----
42961
16.739,-4.113,-0.665
-0.205,-0.482,0.550
-0.188,0.203,-0.425
15.642,-41.262,321.409
-----
43086
-7.088,32.156,6.003
-0.410,-0.358,1.202
-0.183,0.203,-0.421
18.129,-16.578,320.670
-----
43208
-28.157,28.446,23.756
-0.339,-0.228,0.983
-0.182,0.209,-0.436
18.579,-13.042,319.608
-----
43327
6.773,18.340,10.719
-0.029,0.098,0.711
-0.159,0.195,-0.449
2.312,7.859,317.663
-----
43446
14.464,23.153,-18.340
-0.145,0.149,1.185
-0.152,0.200,-0.455
6.941,7.149,315.878
-----
43567
7.928,-7.849,-7.088
-0.038,-0.190,1.022
-0.157,0.200,-0.451
2.098,-10.518,316.654
-----
43693
23.336,-1.321,-10.833
-0.240,-0.180,0.567
-0.175,0.201,-0.437
21.991,-17.594,319.491
-----
43814
1.461,0.945,25.996
-0.629,-0.216,0.739
-0.171,0.208,-0.442
39.253,-16.311,317.943
-----
43935
-17.587,11.743,14.962
-0.565,0.044,1.043
-0.168,0.203,-0.445
28.427,2.394,318.280
-----
44057
2.389,-0.647,-13.274
-0.258,0.066,0.906
-0.157,0.199,-0.447
15.833,4.189,316.924
-----
44175
8.496,-0.595,0.525
-0.131,-0.142,0.917
-0.154,0.193,-0.453
8.062,-8.817,317.042
-----
44298
8.076,-2.126,-2.957
-0.386,-0.034,1.004
-0.157,0.189,-0.444
21.014,-1.931,318.198
-----
44419
2.721,24.675,-4.043
-0.023,0.002,0.867
-0.151,0.194,-0.445
1.552,0.137,316.518
-----
44537
6.571,-29.190,-1.829
-0.357,0.018,1.056
-0.153,0.187,-0.449
18.691,1.003,317.748
-----
44655
-2.074,3.649,-2.091
-0.160,0.011,0.883
-0.167,0.187,-0.440
10.290,0.693,320.304
-----
44774
13.090,-4.602,-1.846
-0.406,0.089,0.892
-0.174,0.190,-0.435
24.387,5.690,321.133
-----
44896
3.474,-1.960,6.720
-0.311,-0.031,0.933
-0.168,0.193,-0.438
18.453,-1.881,319.668
-----
45017
2.362,7.219,6.799
-0.174,-0.070,0.929
-0.174,0.200,-0.432
10.600,-4.307,319.601
-----
45138
1.575,8.829,10.587
-0.282,-0.096,0.885
-0.172,0.207,-0.435
17.573,-6.199,318.275
-----
45259
-1.610,-0.875,-6.904
-0.213,-0.039,0.948
-0.170,0.199,-0.441
12.680,-2.348,318.959
-----
45381
5.976,-10.281,6.431
-0.317,0.008,0.936
-0.170,0.197,-0.442
18.678,0.500,319.406
-----
45503
-4.602,-2.835,-1.120
-0.310,-0.004,0.990
-0.167,0.200,-0.452
17.363,-0.226,318.425
-----
45622
1.724,35.158,-8.172
0.173,-0.048,0.896
-0.149,0.198,-0.463
-10.917,-3.091,315.573
-----
45743
8.365,-10.255,1.269
-0.796,-0.005,0.886
-0.157,0.190,-0.459
41.961,-0.316,318.127
-----
45864
8.059,5.303,3.920
-0.188,-0.118,0.967
-0.148,0.199,-0.462
10.908,-6.928,315.243
-----
45986
-1.067,-32.358,0.499
-0.337,-0.102,1.052
-0.165,0.209,-0.457
17.667,-5.517,316.769
-----
46105
-9.494,-14.709,5.066
-0.675,0.021,0.813
-0.171,0.200,-0.448
39.683,1.492,319.049
-----
46231
-2.074,7.429,-0.394
-0.645,-0.048,0.786
-0.180,0.197,-0.436
39.334,-3.510,321.024
-----
46349
-2.398,-17.798,3.798
-0.866,-0.085,0.887
-0.184,0.193,-0.431
44.193,-5.445,322.283
-----
46471
6.282,0.884,19.250
-0.682,-0.167,0.845
-0.188,0.194,-0.426
38.350,-11.179,322.615
-----
46589
-5.355,2.721,7.875
-0.628,-0.000,0.880
-0.187,0.199,-0.428
35.507,-0.024,321.773
-----
46710
7.928,-3.124,6.589
-0.816,-0.067,0.867
-0.188,0.200,-0.422
43.187,-4.424,321.827
-----
46835
2.275,1.636,-2.765
-0.432,0.068,0.807
-0.178,0.205,-0.418
28.092,4.817,319.566
-----
46957
6.685,7.543,-12.066
-0.696,-0.127,0.783
-0.182,0.207,-0.418
41.272,-9.244,319.793
-----
47078
3.535,5.477,-10.483
-0.738,-0.051,0.836
-0.190,0.195,-0.413
41.388,-3.501,322.892
-----
47197
-0.788,8.365,-10.176
-0.674,-0.067,0.867
-0.189,0.183,-0.423
37.794,-4.428,324.593
-----
47319
-0.613,3.754,8.295
-0.617,-0.121,0.803
-0.182,0.185,-0.422
37.225,-8.594,323.143
-----
47440
2.608,5.180,9.047
-0.589,-0.071,0.883
-0.184,0.184,-0.420
33.608,-4.607,323.493
-----
47561
-2.966,2.240,1.768
-0.684,-0.022,0.904
-0.185,0.188,-0.422
37.104,-1.403,323.108
-----
47680
10.736,4.673,4.734
-0.496,-0.112,0.824
-0.180,0.188,-0.425
30.796,-7.745,322.380
-----
47799
-2.214,0.595,-5.696
-0.441,-0.143,0.931
-0.187,0.192,-0.424
25.105,-8.722,322.777
-----
47921
2.730,3.771,12.302
-0.537,-0.069,0.940
-0.185,0.191,-0.425
29.679,-4.221,322.706
-----
48046
-2.485,16.354,4.139
-0.374,-0.054,0.889
-0.183,0.195,-0.435
22.774,-3.449,321.753
-----
48164
-3.027,9.599,11.419
-0.386,-0.044,0.942
-0.177,0.195,-0.434
22.274,-2.660,320.888
-----
48282
3.588,3.098,4.681
-0.268,-0.020,1.008
-0.168,0.199,-0.441
14.912,-1.113,318.764
-----
48400
7.184,5.250,-4.655
-0.271,-0.019,1.007
-0.169,0.202,-0.439
15.082,-1.097,318.444
-----
48519
2.888,2.188,-9.686
-0.040,-0.076,1.087
-0.164,0.201,-0.440
2.094,-4.011,317.785
-----
48644
3.124,3.990,-12.784
-0.217,-0.050,0.821
-0.178,0.200,-0.435
14.751,-3.507,320.288
-----
48765
7.481,19.311,-19.224
-0.147,-0.053,0.846
-0.172,0.183,-0.444
9.837,-3.557,321.753
-----
48886
3.185,-5.906,-12.049
-0.209,-0.115,0.913
-0.178,0.179,-0.448
12.792,-7.199,323.288
-----
49008
0.814,14.989,-23.301
-0.118,-0.053,0.900
-0.175,0.167,-0.444
7.435,-3.382,324.986
-----
49130
-2.214,15.129,-8.015
0.009,-0.212,1.001
-0.167,0.155,-0.445
-0.478,-11.942,325.767
-----
49254
-9.012,-4.287,8.794
-0.009,-0.205,1.198
-0.163,0.148,-0.447
0.434,-9.722,326.338
-----
49373
-15.837,-11.454,17.141
-0.043,-0.059,1.264
-0.161,0.150,-0.453
1.952,-2.666,325.692
-----
49495
0.403,3.999,29.575
-0.080,0.076,0.953
-0.175,0.148,-0.440
4.759,4.585,328.348
-----
49616
2.223,5.267,4.926
-0.042,-0.053,0.823
-0.162,0.159,-0.441
2.915,-3.704,324.130
-----
49737
5.233,-2.293,25.034
-0.072,0.042,0.849
-0.163,0.163,-0.438
4.834,2.812,323.432
-----
49859
3.027,18.384,2.450
-0.056,0.081,0.921
-0.164,0.179,-0.440
3.450,4.998,321.121
-----
49981
19.119,9.126,-18.935
-0.142,0.094,1.234
-0.157,0.171,-0.443
6.531,4.369,321.035
-----
50100
6.843,-16.100,-3.500
-0.139,-0.107,1.249
-0.161,0.180,-0.438
6.341,-4.904,320.332
-----
50221
7.079,14.079,-9.266
-0.249,-0.024,0.490
-0.186,0.177,-0.424
26.885,-2.759,324.997
-----
50342
3.203,-8.033,-9.083
-0.206,-0.185,0.889
-0.182,0.171,-0.430
12.760,-11.772,325.445
-----
50463
-1.750,19.119,0.569
-0.122,-0.334,1.105
-0.168,0.161,-0.440
6.017,-16.812,324.874
-----
50585
-6.886,1.540,20.265
-0.267,-0.079,1.208
-0.164,0.155,-0.442
12.448,-3.721,325.188
-----
50703
7.648,-2.870,32.524
-0.003,0.005,0.806
-0.165,0.168,-0.438
0.239,0.338,323.001
-----
50822
12.950,-1.942,6.563
-0.132,0.025,0.750
-0.179,0.183,-0.423
9.941,1.909,322.915
-----
50944
10.019,14.201,-18.279
-0.161,0.018,1.242
-0.178,0.182,-0.423
7.405,0.822,322.979
-----
51065
9.634,-5.206,-7.455
-0.190,-0.289,1.077
-0.183,0.180,-0.419
9.665,-15.012,324.133
-----
51190
-8.146,-15.313,-11.358
-0.191,-0.034,0.574
-0.207,0.167,-0.410
18.348,-3.426,329.713
-----
51309
-18.183,-14.858,8.418
-0.173,-0.024,1.014
-0.215,0.163,-0.403
9.707,-1.341,331.359
-----
51427
-19.442,-21.490,16.756
-0.125,-0.073,1.284
-0.212,0.165,-0.401
5.538,-3.240,330.778
-----
51549
0.105,-26.539,12.722
-0.240,0.052,0.861
-0.222,0.166,-0.388
15.568,3.473,331.849
-----
51670
16.065,18.427,-3.902
-0.429,0.075,0.725
-0.225,0.168,-0.382
30.469,5.939,331.836
-----
51795
12.661,14.210,-26.556
-0.485,0.078,1.144
-0.210,0.163,-0.393
22.899,3.891,330.726
-----
51917
-15.435,-0.577,31.246
-0.495,-0.195,0.785
-0.212,0.152,-0.396
31.459,-13.968,332.949
-----
52038
-5.504,37.301,28.359
-0.272,-0.181,0.848
-0.199,0.161,-0.408
17.427,-12.060,329.641
-----
52157
-12.512,29.382,-9.616
-0.411,0.005,0.974
-0.181,0.158,-0.424
22.891,0.266,327.438
-----
52276
5.040,10.684,-0.411
-0.086,-0.139,1.166
-0.159,0.149,-0.440
4.197,-6.782,325.456
-----
52401
-5.119,32.725,3.868
0.096,0.110,1.006
-0.140,0.136,-0.466
-5.411,6.234,324.452
-----
52521
-0.919,-15.068,3.474
-0.521,-0.251,0.890
-0.146,0.145,-0.460
29.424,-15.729,323.635
-----
52643
4.235,-0.980,6.641
-0.006,-0.094,0.930
-0.134,0.144,-0.468
0.397,-5.745,321.621
-----
52764
6.344,10.342,2.459
-0.202,-0.096,1.081
-0.140,0.147,-0.460
10.540,-5.073,322.042
-----
52883
-5.311,-3.736,0.928
-0.208,-0.031,0.895
-0.143,0.150,-0.468
13.078,-2.007,322.208
-----
53004
5.215,4.568,8.566
-0.198,0.006,1.027
-0.141,0.146,-0.466
10.895,0.333,322.549
-----
53139
2.354,-1.173,12.005
-0.190,-0.042,0.892
-0.136,0.156,-0.467
12.037,-2.670,319.668
-----
53260
3.404,10.377,5.845
-0.217,0.002,0.954
-0.140,0.162,-0.466
12.795,0.132,319.425
-----
53382
0.149,-1.636,0.236
-0.233,-0.048,0.927
-0.142,0.163,-0.467
14.099,-2.957,319.629
-----
53502
3.745,9.179,-3.159
-0.070,-0.111,0.969
-0.139,0.163,-0.467
4.087,-6.530,318.937
-----
53624
3.798,-12.014,7.271
-0.354,-0.082,1.012
-0.143,0.162,-0.464
19.209,-4.616,319.982
-----
53746
0.472,-4.191,1.881
-0.485,-0.046,0.898
-0.146,0.160,-0.454
28.337,-2.904,321.043
-----
53865
6.895,5.294,11.366
-0.476,-0.123,0.939
-0.149,0.167,-0.455
26.674,-7.454,320.330
-----
53983
-0.175,9.870,0.026
-0.475,0.005,0.945
-0.145,0.176,-0.453
26.677,0.307,318.057
-----
54105
6.711,3.649,-3.132
-0.390,-0.094,0.912
-0.139,0.167,-0.456
23.046,-5.887,318.329
-----
54223
1.837,0.271,-7.744
-0.559,-0.090,0.929
-0.144,0.170,-0.454
30.906,-5.511,319.017
-----
54358
1.514,8.592,0.026
-0.389,-0.068,0.991
-0.139,0.164,-0.459
21.404,-3.935,318.858
-----
54476
-0.507,15.610,-1.715
-0.519,-0.045,0.859
-0.143,0.167,-0.455
31.108,-2.995,319.059
-----
54597
2.931,11.252,-6.037
-0.450,-0.006,0.929
-0.136,0.165,-0.463
25.827,-0.399,318.054
-----
54716
0.464,9.371,3.010
-0.498,-0.090,0.860
-0.133,0.157,-0.459
29.942,-5.953,318.906
-----
54834
2.966,-1.811,3.150
-0.571,-0.065,0.888
-0.130,0.160,-0.463
32.661,-4.210,317.757
-----
54960
-0.446,11.655,9.205
-0.455,-0.084,0.925
-0.126,0.162,-0.464
26.099,-5.183,316.387
-----
55080
0.254,7.306,8.733
-0.418,-0.046,0.906
-0.118,0.156,-0.460
24.749,-2.933,315.729
-----
55202
-4.077,4.778,-0.709
-0.292,-0.042,0.944
-0.112,0.157,-0.469
17.178,-2.524,314.031
-----
55323
0.962,1.242,0.201
-0.472,-0.044,0.966
-0.120,0.157,-0.469
26.024,-2.601,315.839
-----
55442
-0.053,1.741,2.826
-0.468,-0.021,0.932
-0.121,0.157,-0.461
26.684,-1.298,316.203
-----
55567
4.016,3.386,-0.114
-0.400,-0.066,0.952
-0.115,0.158,-0.462
22.728,-3.967,314.613
-----
55686
0.000,-0.455,2.091
-0.320,-0.046,0.980
-0.115,0.155,-0.468
18.060,-2.665,315.068
-----
55806
3.080,-2.301,4.865
-0.279,-0.039,0.938
-0.110,0.155,-0.461
16.540,-2.358,313.838
-----
55928
1.881,8.943,11.025
-0.333,-0.055,0.937
-0.123,0.156,-0.463
19.551,-3.359,316.842
-----
56050
-0.464,-7.744,10.964
-0.306,-0.058,0.968
-0.118,0.151,-0.457
17.520,-3.403,316.404
-----
56174
0.499,7.858,12.381
-0.275,-0.057,0.925
-0.118,0.154,-0.459
16.531,-3.513,316.022
-----
56293
0.035,0.543,13.125
-0.218,-0.062,0.956
-0.116,0.156,-0.455
12.824,-3.689,315.103
-----
56412
4.725,6.702,12.224
-0.096,-0.036,0.939
-0.109,0.160,-0.462
5.833,-2.206,312.719
-----
56534
5.049,-17.132,12.066
-0.254,-0.020,0.988
-0.118,0.165,-0.453
14.397,-1.171,314.265
-----
56655
4.716,-13.230,-6.449
-0.081,-0.039,0.945
-0.122,0.171,-0.445
4.880,-2.356,314.016
-----
56780
7.262,-5.556,-27.676
0.000,-0.026,0.979
-0.148,0.159,-0.439
-0.014,-1.549,321.494
-----
56902
12.381,15.505,1.881
0.255,-0.299,1.137
-0.149,0.153,-0.426
-12.255,-14.733,322.943
-----
57021
3.045,9.538,-10.649
0.132,-0.079,0.902
-0.151,0.148,-0.426
-8.268,-5.001,324.278
-----
57142
-1.969,2.179,5.600
-0.349,-0.155,1.070
-0.156,0.149,-0.426
17.906,-8.230,324.946
-----
57264
-6.781,-15.024,-1.094
-0.416,-0.024,0.912
-0.156,0.142,-0.429
24.511,-1.521,326.271
-----
57385
-1.575,19.539,1.041
-0.158,-0.174,0.991
-0.162,0.146,-0.439
8.902,-9.963,326.678
-----
57507
-19.644,4.996,5.512
0.208,0.178,0.977
-0.149,0.130,-0.454
-11.808,10.320,327.486
-----
57629
7.262,-4.786,15.890
0.097,0.058,0.866
-0.150,0.135,-0.452
-6.381,3.841,326.670
-----
57747
4.200,-17.526,15.820
-0.172,0.036,1.031
-0.155,0.149,-0.446
9.461,2.006,324.743
-----
57865
11.996,11.034,-6.046
-0.218,-0.006,1.145
-0.163,0.154,-0.449
10.782,-0.278,325.147
-----
57987
11.191,13.484,2.625
-0.343,0.084,0.973
-0.159,0.164,-0.442
19.366,4.932,322.711
-----
58113
14.350,-12.784,-4.655
0.009,-0.116,0.750
-0.152,0.176,-0.441
-0.658,-8.761,319.380
-----
58230
12.836,-9.301,6.895
-0.115,-0.169,0.941
-0.164,0.176,-0.432
6.837,-10.188,321.620
-----
58352
-10.789,3.763,-1.899
-0.092,-0.177,1.194
-0.166,0.173,-0.431
4.364,-8.433,322.399
-----
58471
-8.172,21.376,7.849
-0.315,-0.081,0.948
-0.165,0.165,-0.432
18.296,-4.889,323.677
-----
58592
-9.083,-2.336,2.555
-0.349,-0.142,0.888
-0.158,0.162,-0.445
21.217,-9.067,322.979
-----
58717
-8.934,-1.750,1.418
-0.053,-0.083,1.020
-0.162,0.148,-0.444
2.942,-4.664,326.090
-----
58839
-4.392,-23.161,24.938
0.042,0.002,0.877
-0.158,0.146,-0.446
-2.752,0.120,326.005
-----
58959
12.049,10.579,5.259
-0.290,0.092,1.078
-0.161,0.157,-0.438
15.021,4.868,324.363
-----
59081
4.436,-0.647,-14.254
-0.311,0.087,1.092
-0.152,0.156,-0.447
15.866,4.559,322.929
-----
59202
14.998,-5.863,-17.920
-0.160,-0.166,0.630
-0.158,0.153,-0.441
13.824,-14.793,324.562
-----
59324
3.841,16.695,-6.029
0.229,-0.226,1.227
-0.154,0.147,-0.449
-10.403,-10.451,325.020
-----
59445
-4.506,-5.591,14.472
-0.435,-0.230,0.961
-0.160,0.143,-0.442
23.754,-13.456,326.881
-----
59567
-7.954,-1.584,11.926
-0.348,-0.104,0.863
-0.158,0.140,-0.450
21.804,-6.903,327.013
-----
59688
-10.859,1.400,11.847
0.082,0.009,1.066
-0.148,0.135,-0.453
-4.423,0.465,326.274
-----
59810
0.936,0.919,8.234
-0.158,0.015,0.992
-0.161,0.134,-0.448
9.076,0.885,328.794
-----
59935
2.642,13.221,6.169
-0.185,0.156,1.068
-0.149,0.134,-0.464
9.712,8.312,326.581
-----
60057
18.200,5.311,-2.651
-0.035,-0.079,0.768
-0.147,0.138,-0.453
2.570,-5.911,325.462
-----
60176
5.320,-5.766,-1.470
-0.119,-0.279,1.013
-0.154,0.148,-0.456
6.487,-15.405,324.670
-----
60294
-12.530,16.800,-3.736
-0.165,-0.137,1.148
-0.154,0.130,-0.454
8.116,-6.826,328.281
-----
60416
-12.906,6.563,16.651
-0.374,-0.093,0.785
-0.151,0.127,-0.457
25.296,-6.722,328.410
-----
60540
-4.550,-11.261,16.030
-0.066,0.050,0.951
-0.140,0.123,-0.461
3.989,2.980,327.301
-----
60662
11.130,13.414,15.846
-0.184,0.097,1.053
-0.146,0.132,-0.464
9.880,5.258,326.454
-----
60784
10.386,-0.971,-1.076
-0.151,0.009,0.985
-0.132,0.142,-0.468
8.698,0.525,321.535
-----
60903
12.600,-7.980,-5.372
-0.041,-0.142,0.814
-0.127,0.146,-0.466
2.846,-9.888,319.586
-----
61025
0.114,13.991,-8.216
-0.263,-0.178,1.081
-0.141,0.145,-0.464
13.489,-9.365,322.767
-----
61150
-3.159,-10.395,13.125
-0.214,0.002,0.905
-0.134,0.134,-0.464
13.317,0.112,323.490
-----
61272
2.809,18.524,3.719
-0.165,-0.041,0.944
-0.137,0.143,-0.459
9.921,-2.495,322.350
-----
61393
0.140,-4.270,6.545
-0.136,-0.068,1.057
-0.130,0.140,-0.462
7.334,-3.706,321.387
-----
61515
2.013,10.981,-1.339
-0.217,-0.066,0.937
-0.131,0.135,-0.467
12.990,-4.038,322.615
-----
61637
-4.970,-8.619,0.621
-0.279,-0.003,0.927
-0.133,0.128,-0.462
16.757,-0.211,324.593
-----
61762
5.976,14.070,7.122
-0.142,-0.093,0.948
-0.130,0.131,-0.470
8.495,-5.596,323.303
-----
61881
-0.044,11.996,3.763
0.022,-0.042,1.033
-0.122,0.140,-0.465
-1.197,-2.313,319.518
-----
62002
2.039,-6.650,7.009
-0.207,-0.071,1.043
-0.124,0.140,-0.465
11.208,-3.879,320.217
-----
62120
6.265,4.174,10.395
-0.189,-0.025,0.957
-0.121,0.149,-0.468
11.164,-1.494,317.676
-----
62241
5.609,-10.019,11.366
-0.268,-0.063,0.968
-0.124,0.148,-0.469
15.452,-3.728,318.481
-----
62360
7.858,8.094,7.131
-0.122,0.016,0.939
-0.121,0.162,-0.466
7.405,0.968,315.307
-----
62485
6.064,-6.318,3.290
-0.300,-0.080,0.863
-0.129,0.172,-0.460
19.071,-5.268,315.450
-----
62604
1.330,10.307,-5.863
-0.097,-0.033,1.013
-0.129,0.172,-0.461
5.443,-1.875,315.510
-----
62726
10.045,9.100,1.173
-0.229,-0.065,1.045
-0.131,0.184,-0.457
12.316,-3.550,314.122
-----
62848
7.053,-18.576,-7.709
-0.337,-0.137,0.863
-0.133,0.195,-0.464
21.099,-9.044,312.912
-----
62968
-3.106,4.716,4.952
-0.685,-0.015,0.890
-0.136,0.192,-0.458
37.582,-0.947,313.955
-----
63090
-1.400,13.160,-11.699
-0.389,-0.025,1.044
-0.126,0.188,-0.465
20.442,-1.359,312.349
-----
63208
0.455,4.839,-12.023
-0.415,-0.044,0.857
-0.123,0.181,-0.472
25.814,-2.971,312.820
-----
63327
-1.785,-6.624,14.674
-0.497,-0.076,0.920
-0.120,0.174,-0.468
28.290,-4.737,313.114
-----
63449
-0.822,-2.170,15.523
-0.677,-0.018,0.872
-0.122,0.175,-0.461
37.802,-1.214,313.409
-----
63570
3.027,-1.837,6.046
-0.543,-0.023,0.888
-0.121,0.170,-0.466
31.436,-1.464,313.934
-----
63696
5.049,-8.470,-5.145
-0.502,-0.101,0.876
-0.121,0.166,-0.463
29.645,-6.596,314.676
-----
63818
-3.168,7.569,7.306
-0.534,-0.014,0.927
-0.127,0.157,-0.459
29.951,-0.849,317.395
-----
63940
6.536,3.063,4.620
-0.447,-0.006,0.956
-0.129,0.158,-0.459
25.077,-0.333,317.742
-----
64059
2.354,3.902,3.701
-0.421,0.016,0.898
-0.136,0.159,-0.461
25.133,1.023,319.185
-----
64181
4.471,-0.779,0.262
-0.623,-0.113,0.885
-0.141,0.164,-0.453
34.924,-7.306,319.254
-----
64305
1.470,2.642,6.921
-0.436,-0.064,0.914
-0.135,0.159,-0.452
25.444,-4.023,318.823
-----
64427
-3.185,-1.514,10.885
-0.496,-0.023,0.938
-0.143,0.171,-0.451
27.882,-1.435,318.469
-----
64548
3.798,0.254,7.332
-0.450,-0.075,0.898
-0.145,0.169,-0.455
26.528,-4.789,319.173
-----
64667
4.069,-2.756,1.111
-0.401,-0.017,0.948
-0.145,0.168,-0.449
22.937,-1.018,319.420
-----
64785
1.855,2.888,3.745
-0.464,-0.044,0.880
-0.149,0.170,-0.451
27.745,-2.868,319.813
-----
64908
1.435,14.656,3.001
-0.393,-0.022,0.920
-0.149,0.166,-0.450
23.147,-1.371,320.530
-----
65029
3.246,7.035,-3.080
-0.333,-0.063,0.953
-0.147,0.167,-0.450
19.218,-3.778,320.037
-----
65150
1.697,15.671,-6.414
-0.273,-0.066,0.910
-0.135,0.167,-0.449
16.648,-4.137,317.438
-----
65271
3.832,-6.387,-12.959
-0.054,-0.108,1.035
-0.137,0.163,-0.452
2.993,-5.966,318.626
-----
65393
-2.100,-0.035,-14.446
-0.134,-0.009,0.888
-0.141,0.145,-0.451
8.601,-0.582,322.907
-----
65518
-0.752,-6.869,-12.163
-0.128,0.008,0.990
-0.155,0.136,-0.452
7.366,0.466,327.160
-----
65636
-3.789,14.551,-0.114
0.107,-0.062,0.941
-0.149,0.131,-0.454
-6.487,-3.771,327.276
-----
65758
5.644,-23.739,-2.013
0.021,-0.151,0.927
-0.142,0.124,-0.455
-1.287,-9.250,327.314
-----
65876
12.469,0.490,-4.428
-0.321,-0.218,1.079
-0.164,0.122,-0.448
16.230,-11.422,331.898
-----
65998
-11.296,30.292,36.461
-0.205,-0.080,0.936
-0.157,0.131,-0.449
12.317,-4.859,328.613
-----
66123
-9.756,6.834,27.589
-0.054,0.054,1.051
-0.134,0.134,-0.460
2.933,2.967,323.460
-----
66245
-2.756,5.084,20.702
-0.136,-0.030,1.010
-0.133,0.137,-0.459
7.679,-1.695,322.750
-----
66383
-7.997,5.338,35.700
-0.051,0.034,0.881
-0.133,0.147,-0.458
3.299,2.221,320.829
-----
66505
8.155,-13.956,27.212
0.170,0.082,0.983
-0.126,0.158,-0.460
-9.769,4.741,317.153
-----
66627
1.750,-14.262,14.866
-0.077,-0.066,1.016
-0.140,0.176,-0.444
4.312,-3.701,317.117
-----
66748
-0.691,-6.090,-0.035
-0.259,0.066,1.021
-0.149,0.179,-0.448
14.189,3.694,318.245
-----
66870
16.056,6.983,-13.519
-0.474,-0.003,1.093
-0.159,0.179,-0.441
23.469,-0.144,320.147
-----
66991
15.356,9.511,-15.216
-0.154,0.050,0.746
-0.156,0.177,-0.441
11.622,3.854,320.038
-----
67109
5.644,15.059,-18.261
0.124,-0.106,0.987
-0.157,0.177,-0.442
-7.103,-6.134,320.194
-----
67230
1.234,-9.012,-19.705
-0.166,-0.259,0.920
-0.167,0.186,-0.439
9.856,-15.744,320.467
-----
67349
10.806,-5.556,-37.004
-0.280,-0.102,0.944
-0.176,0.170,-0.447
16.452,-6.189,324.671
-----
67474
-3.850,12.994,2.581
-0.177,-0.285,1.060
-0.173,0.165,-0.457
9.140,-15.063,325.004
-----
67593
-10.815,8.216,24.071
-0.083,-0.132,0.879
-0.155,0.171,-0.463
5.335,-8.569,320.707
-----
67715
-20.011,-1.873,21.962
-0.109,0.011,0.820
-0.155,0.180,-0.466
7.539,0.737,319.397
-----
67836
-6.125,6.948,20.860
-0.033,0.212,1.068
-0.144,0.174,-0.468
1.733,11.234,318.072
-----
67957
7.613,18.261,11.760
-0.260,0.120,1.100
-0.142,0.179,-0.465
13.248,6.232,317.021
-----
68091
13.895,7.332,-13.921
-0.102,0.128,0.977
-0.120,0.173,-0.467
5.924,7.438,313.335
-----
68212
13.886,-11.708,-21.542
-0.030,-0.162,0.817
-0.125,0.166,-0.447
2.085,-11.200,315.542
-----
68331
10.010,-2.415,-11.865
-0.142,-0.273,1.159
-0.140,0.158,-0.451
6.819,-13.251,320.009
-----
68449
-9.730,5.128,0.543
-0.172,-0.170,0.881
-0.136,0.143,-0.452
10.828,-10.907,322.200
-----
68572
-7.805,0.114,7.586
-0.410,-0.200,0.871
-0.145,0.138,-0.453
24.634,-12.927,324.937
-----
68696
-12.180,-0.394,25.524
-0.107,-0.017,0.930
-0.145,0.135,-0.458
6.590,-1.034,325.724
-----
68817
-8.733,3.491,5.206
-0.154,0.079,0.962
-0.142,0.128,-0.453
9.063,4.713,326.484
-----
68938
6.466,8.890,7.061
-0.202,0.179,1.013
-0.139,0.131,-0.461
11.118,10.037,325.125
-----
69060
11.113,4.209,-0.858
-0.031,0.032,0.815
-0.139,0.134,-0.457
2.205,2.267,324.756
-----
69182
21.087,12.626,-2.686
0.046,-0.181,1.046
-0.142,0.143,-0.459
-2.477,-9.795,323.496
-----
69303
2.975,8.024,3.334
-0.260,-0.249,0.961
-0.146,0.145,-0.463
14.651,-14.507,323.745
-----
69425
-2.371,22.899,7.175
-0.265,0.075,1.187
-0.148,0.150,-0.455
12.548,3.625,323.229
-----
69543
-1.785,-7.350,8.041
-0.248,0.115,0.743
-0.146,0.154,-0.453
18.244,8.816,322.139
-----
69665
14.333,-11.760,-8.575
-0.121,-0.103,1.033
-0.154,0.163,-0.458
6.631,-5.687,321.933
-----
69784
10.229,-1.347,-6.912
-0.491,-0.053,1.024
-0.163,0.163,-0.449
25.578,-2.989,323.703
-----
69905
-0.665,-3.780,5.854
-0.107,-0.078,0.862
-0.159,0.171,-0.456
7.040,-5.177,321.486
-----
70024
9.599,9.179,11.427
-0.218,-0.039,0.832
-0.160,0.191,-0.457
14.674,-2.656,318.526
-----
70146
8.400,-21.324,6.282
-0.275,0.014,1.083
-0.157,0.210,-0.456
14.250,0.745,315.340
-----
70263
8.269,10.386,-2.021
-0.555,-0.022,0.807
-0.153,0.215,-0.457
34.537,-1.534,313.962
-----
70385
2.257,-5.696,-1.697
-0.641,-0.050,0.854
-0.139,0.213,-0.458
36.862,-3.366,311.658
-----
70503
4.594,25.813,-12.092
-0.275,-0.104,0.982
-0.137,0.197,-0.452
15.532,-6.061,313.385
-----
70625
-4.594,-12.023,-8.496
-0.552,-0.082,0.884
-0.133,0.188,-0.460
31.864,-5.290,313.903
-----
70748
2.161,9.730,-6.064
-0.479,-0.076,0.802
-0.131,0.168,-0.457
30.745,-5.382,316.547
-----
70865
-2.433,0.210,3.036
-0.341,-0.139,1.048
-0.130,0.161,-0.464
17.889,-7.576,317.495
-----
70987
-6.711,3.124,5.565
-0.476,-0.013,0.881
-0.136,0.157,-0.454
28.384,-0.817,319.461
-----
71105
-0.884,-7.796,1.873
-0.551,-0.094,0.893
-0.134,0.147,-0.460
31.536,-6.023,321.098
-----
71231
-5.889,6.361,-2.861
-0.309,-0.054,0.968
-0.140,0.132,-0.462
17.691,-3.165,325.230
-----
71350
2.433,1.654,2.354
-0.362,-0.045,0.968
-0.145,0.134,-0.463
20.470,-2.688,325.763
-----
71471
-3.614,-1.601,10.797
-0.423,-0.106,0.885
-0.152,0.131,-0.455
25.377,-6.816,327.831
-----
71588
-1.531,-15.951,12.906
-0.563,-0.092,0.945
-0.153,0.137,-0.452
30.648,-5.567,326.787
-----
71710
5.031,0.289,9.266
-0.482,-0.047,0.917
-0.164,0.130,-0.444
27.713,-2.910,330.070
-----
71835
0.184,-1.426,9.074
-0.609,-0.081,0.919
-0.165,0.140,-0.444
33.408,-5.020,328.176
-----
71957
4.384,-3.054,-0.429
-0.444,-0.017,0.894
-0.161,0.146,-0.440
26.403,-1.063,326.272
-----
72076
7.604,-4.244,1.374
-0.526,-0.120,0.919
-0.174,0.145,-0.438
29.585,-7.414,328.847
-----
72198
-0.735,6.230,-3.185
-0.524,-0.071,0.870
-0.175,0.143,-0.437
30.940,-4.688,329.348
-----
72315
1.138,2.021,-0.403
-0.539,-0.047,0.890
-0.175,0.142,-0.438
31.184,-3.026,329.515
-----
72441
7.061,-1.251,-0.683
-0.456,-0.043,0.929
-0.180,0.134,-0.440
26.101,-2.661,331.939
-----
72559
11.979,1.977,-2.118
-0.404,-0.146,0.903
-0.176,0.137,-0.437
23.813,-9.215,330.714
-----
72677
1.102,-5.845,-0.044
-0.479,-0.221,0.894
-0.181,0.146,-0.436
27.501,-13.890,329.618
-----
72796
-6.169,7.814,-5.276
-0.389,-0.118,0.896
-0.186,0.136,-0.434
23.278,-7.485,332.463
-----
72918
-4.375,3.447,5.329
-0.263,-0.021,0.984
-0.181,0.124,-0.437
14.968,-1.222,334.171
-----
73039
-2.144,16.240,-2.765
-0.042,-0.111,1.012
-0.172,0.122,-0.441
2.367,-6.244,333.308
-----
73160
-0.210,-20.676,-1.330
-0.307,-0.152,1.000
-0.176,0.115,-0.445
16.895,-8.667,335.313
-----
73279
-4.996,14.980,0.061
-0.282,-0.081,0.886
-0.182,0.109,-0.439
17.579,-5.216,337.668
-----
73398
-10.596,-5.425,12.635
-0.383,0.226,0.962
-0.182,0.093,-0.441
21.204,13.240,341.540
-----
73519
13.431,8.356,3.727
-0.228,-0.057,0.922
-0.178,0.099,-0.442
13.882,-3.514,339.583
-----
73641
3.421,1.435,-5.705
-0.499,0.069,1.001
-0.176,0.107,-0.437
26.449,3.941,337.243
-----
73762
10.351,14.490,1.094
-0.294,0.040,0.961
-0.166,0.108,-0.443
17.004,2.388,335.452
-----
73881
7.149,24.413,-3.876
-0.173,-0.052,0.972
-0.161,0.117,-0.452
10.070,-3.053,332.523
-----
74002
6.160,5.329,4.559
-0.273,-0.172,0.991
-0.150,0.122,-0.462
15.182,-9.858,329.524
-----
74121
-0.280,16.327,3.369
-0.221,-0.071,0.954
-0.143,0.118,-0.468
13.029,-4.286,329.023
-----
74246
6.895,1.164,17.483
-0.105,-0.178,0.993
-0.136,0.125,-0.461
5.951,-10.145,325.912
-----
74364
-3.675,9.669,17.395
-0.208,-0.082,0.987
-0.134,0.134,-0.463
11.868,-4.750,323.490
-----
74485
0.044,2.756,5.101
-0.145,-0.078,0.969
-0.123,0.137,-0.466
8.478,-4.593,320.596
-----
74607
-5.784,7.735,2.109
-0.226,-0.119,0.997
-0.124,0.131,-0.465
12.691,-6.833,321.820
-----
74725
0.534,8.496,11.690
-0.127,-0.067,0.976
-0.118,0.132,-0.471
7.378,-3.941,320.308
-----
74843
6.563,5.303,11.699
-0.175,-0.060,0.966
-0.114,0.141,-0.476
10.272,-3.573,317.661
-----
74966
4.445,3.281,8.899
-0.166,-0.077,0.978
-0.113,0.146,-0.483
9.623,-4.499,316.387
-----
75087
5.014,5.329,4.086
-0.167,-0.140,0.973
-0.116,0.154,-0.478
9.659,-8.208,315.649
-----
75205
3.168,8.873,6.151
-0.146,-0.131,0.972
-0.111,0.151,-0.473
8.483,-7.706,314.903
-----
75323
5.863,-2.196,2.476
-0.174,-0.088,0.968
-0.106,0.150,-0.472
10.161,-5.190,313.783
-----
75441
10.045,7.035,7.665
-0.140,-0.119,0.980
-0.108,0.159,-0.479
8.059,-6.897,312.734
-----
75566
3.622,2.249,5.836
-0.043,-0.203,0.972
-0.099,0.167,-0.476
2.474,-11.782,309.119
-----
75687
2.398,-0.376,6.878
-0.053,-0.137,1.003
-0.098,0.168,-0.477
3.023,-7.792,308.970
-----
75808
5.049,-5.005,1.339
-0.116,-0.119,0.982
-0.101,0.171,-0.474
6.671,-6.884,309.136
-----
75930
3.325,-5.443,-3.658
-0.153,-0.117,0.939
-0.108,0.176,-0.459
9.158,-7.094,310.103
-----
76051
-3.684,-12.679,-1.269
-0.087,-0.051,0.945
-0.123,0.173,-0.455
5.278,-3.075,314.034
-----
76173
-21.735,-29.593,-6.799
-0.283,-0.205,0.919
-0.141,0.159,-0.452
16.716,-12.578,320.004
-----
76295
-8.741,-21.639,-7.884
-0.285,-0.130,0.939
-0.163,0.144,-0.445
16.732,-7.887,327.231
-----
76417
-24.500,-21.394,0.621
-0.386,-0.044,0.901
-0.191,0.124,-0.420
23.179,-2.823,335.633
-----
76538
7.280,35.954,2.914
-0.401,-0.061,0.900
-0.192,0.109,-0.426
23.997,-3.872,338.948
-----
76660
3.806,26.880,4.358
-0.320,-0.010,1.088
-0.170,0.115,-0.438
16.360,-0.520,334.488
-----
76783
-10.736,25.148,7.035
0.092,-0.048,1.037
-0.146,0.108,-0.453
-5.038,-2.622,332.231
-----
76900
-1.050,-31.395,17.526
0.060,0.069,0.864
-0.156,0.098,-0.451
-3.973,4.553,336.316
-----
77022
-8.549,-31.955,-5.241
-0.257,-0.060,0.957
-0.192,0.099,-0.414
14.999,-3.581,341.219
-----
77140
-12.696,44.380,29.435
-0.408,0.303,0.596
-0.196,0.091,-0.417
31.360,26.953,343.644
-----
77262
26.346,-38.999,-14.814
-0.311,0.084,0.810
-0.185,0.108,-0.423
20.886,5.913,338.342
-----
77387
26.294,4.699,-55.869
-0.247,-0.174,0.665
-0.198,0.111,-0.422
19.752,-14.690,339.405
-----
77509
11.025,-26.215,-18.952
-0.419,-0.144,0.768
-0.211,0.084,-0.414
28.229,-10.584,346.818
-----
77630
5.976,0.490,-62.318
-0.597,-0.180,0.966
-0.218,0.053,-0.405
31.264,-10.582,354.986
-----
77749
-19.294,19.136,-40.364
-0.568,0.006,1.009
-0.211,-0.004,-0.402
29.388,0.367,9.684
-----
77870
3.378,-1.663,13.029
-0.610,0.261,1.065
-0.214,-0.021,-0.391
29.107,13.763,14.265
-----
77995
4.760,30.511,-32.839
-0.361,0.178,0.972
-0.201,-0.025,-0.405
20.095,10.368,15.592
-----
78116
7.674,16.660,-22.155
-0.277,0.183,1.035
-0.173,-0.044,-0.428
14.747,10.013,22.856
-----
78238
9.135,21.298,-34.510
-0.258,0.120,0.959
-0.150,-0.060,-0.438
14.916,7.133,30.289
-----
78360
3.089,11.891,-25.751
-0.219,0.110,0.955
-0.135,-0.082,-0.443
12.844,6.575,39.666
-----
78481
7.805,-29.698,1.916
-0.373,0.208,0.972
-0.131,-0.089,-0.436
20.571,12.057,42.903
-----
78603
11.007,-14.131,1.759
-0.200,0.139,1.013
-0.151,-0.077,-0.424
11.084,7.789,35.567
-----
78724
6.221,1.768,-1.207
-0.396,0.141,0.939
-0.164,-0.067,-0.426
22.637,8.553,30.776
-----
78845
0.053,-6.379,5.863
-0.328,0.127,0.966
-0.163,-0.063,-0.425
18.596,7.488,29.785
-----
78967
10.509,8.759,-5.985
-0.344,0.087,0.894
-0.167,-0.064,-0.434
20.969,5.532,29.430
-----
79089
-5.338,-7.682,8.129
-0.334,0.097,0.937
-0.159,-0.066,-0.432
19.526,5.931,31.143
-----
